4266.322223790108
6922.63514101002
4504.217875739842
3795.6488466614896
5246.577056737198
6012.496435857403
6015.768036040887
5365.035681577403
5566.425527306374
6077.0265185276585
5443.961973906455
5451.676006589883
5732.080288555584
5355.822542696271
6728.408291488608
6909.397842494918
5611.5615016760985
6258.74054531788
6434.134464938996
6333.884559506496
5374.349668262448
3889.6951478050146
4918.730974128841
6480.818678731177
4284.556456345919
6148.950969364503
4016.2975597309546
4765.2261826026515
6486.8927289811145
6762.513523291802
5765.560087224365
4569.855485277054
4718.565426027932
6726.022006241095
6509.162777457588
5877.723290880836
4992.820771548677
5509.532394848256
5074.369942765692
3863.6398721751298
4233.309544986262
6206.811999705735
4210.97964168012
4767.62202108326
6452.181184429655
4023.3071967027713
5395.209180638138
6234.199370884733
4572.99170560803
6967.045470053001
5384.960159863762
6607.964314484912
4911.093394939167
5478.616963276112
5315.146536743625
4740.910584201574
5556.710233005317
5835.599362132498
3921.781889693408
4600.2236563277365
6091.479087160369
5714.062746616699
4815.276202989091
6995.88158137022
6427.559587353448
4487.2894338883325
4421.242390164754
6584.242876239479
6615.807329787049
3905.561365122697
5271.5680747583065
6691.862945300429
3929.899077442406
6215.319981932436
6910.541285011101
7321.9088932212835
5378.863697715695
5029.886053812559
4270.360638268969
6690.69745891978
4671.602341437549
7021.024533575233
6461.032689179028
4755.954964829854
6862.342167321898
6160.651496915078
5212.828353224379
3853.8347425218612
6774.008306623875
5343.915921235301
4474.135494422591
6428.742228272327
4861.63452687678
6678.882646401942
5071.529699835182
5185.548788820572
4985.462429937246
6690.314017384582
6178.576046311926
4084.178719351617
4594.886766849324
6879.888550999425
3994.660681367615
4307.845523471422
6017.921978076403
6625.92322541636
7204.240465307956
4331.323028728659
4356.625182415382
5406.538109274768
6714.973350774228
5963.80990097129
4449.653820544125
5032.68424800223
4010.6495066495613
7040.27572228391
4496.335959421322
6116.596149400057
6652.283438511808
4669.041695011198
4104.042058746734
4472.052212107841
6282.0858247465585
5514.344101463943
6279.555780012643
4481.623458134053
5822.880325157701
4976.042078325214
6478.110028900335
6311.402593462555
6301.252612123824
4285.528744934349
5523.171061579938
5738.798388314228
5249.352117581291
7068.599977238979
5156.570188755553
5570.622719833233
6181.349581845712
6505.810047124212
6363.836190406468
5570.893241417756
6124.30227216292
3983.9558940711386
5859.493820484917
5530.574027278335
6598.086215083078
5555.865641780629
5785.664402716568
4300.00000665888
5377.979454508391
5930.880164329983
4787.404577792753
4633.81331246941
5950.947827560851
7193.99030417516
7216.904651576386
4748.404816917531
5683.450810896242
4790.063003649011
5790.7168264109205
5821.815105161024
5990.631502428065
5794.487741717769
4601.880815921231
4257.712672391797
5006.309160317824
3859.29485005135
6150.62007405391
7097.084909946057
4190.022995499259
6367.744137124953
5888.334464004925
6747.426992184621
7061.400082884509
5481.752490195577
6332.772364936607
4117.688814524972
4784.257202961891
5141.068093434209
4445.07778379905
7000.619564020699
7366.06610100615
6003.883954432034
6787.079681752399
5819.158818164156
5114.73413333489
4966.559817238758
6096.685358117258
4364.191285388619
4893.915330775817
5462.166673068528
5490.205009450325
6000.336792858723
4252.861593256352
5698.405534897922
3967.0418419891253
6159.040700424759
4845.640615063974
5349.906910138221
5192.006914657057
4945.610061679625
6706.442370618641
4963.9714834619535
4497.955704123056
5329.202634341555
5780.500197605263
6777.846512847036
6164.741024208137
4560.297690970845
3826.957966649397
6755.109737358445
4163.690157045608
4870.861260893349
4115.662135877306
6829.366873463698
5715.448850917193
4718.51287858191
5506.254562432085
6371.030552561922
6169.69074634712
4588.810885141556
5445.523834158652
7087.186102004769
6661.572858857664
3775.808109025666
5897.865714013764
5489.176348248502
6409.39532233271
5482.963824390934
5636.967610497586
6876.483534460054
5633.028414000037
4430.250126936306
5884.774839398444
5369.975488345839
7158.980925871669
7120.383993484285
3933.438757885188
4348.012897194189
5234.460168185025
4201.861707815322
6449.404700890933
5141.649543231049
6699.206875602074
6132.881317670914
6497.84411985589
4634.047525411957
4177.055322014297
7017.640225130781
6214.650631949904
5607.7089680797835
5953.812206638466
7035.241988664351
5277.404585308652
4270.608196405952
5124.508512399052
5754.430927851234
6029.355895410294
4480.579983215761
4894.983918229484
4221.498401058514
3962.0514087919437
7238.386750083515
6530.720596733074
4389.0465246032345
4973.284101367077
6039.758501881923
3921.847845210364
6618.39031266502
7193.708747086865
5384.828852606159
5320.368811740926
7207.362476740085
5934.098438523484
6927.545323640363
5022.636126837395
6624.590386294223
4725.284170393485
6350.859487077347
4176.817674948043
5906.047666917326
6919.979319754013
5900.369480404954
4630.346611016705
6504.434077454358
4694.733866532428
5668.4758250659215
6234.301156578047
4772.898608936859
5675.283697476092
4453.9741600368225
4602.990863626077
5079.381080171321
5218.297421526404
7079.957069258178
4174.279338986795
7226.098398156933
6319.519386123666
5240.385480274317
5693.974444031597
4871.856998344934
5289.906901707849
5136.604867498985
6813.434927762992
5626.70929805121
5741.985615303045
6441.547510475726
4939.081607180482
5138.249803619716
4628.875237419246
6493.713955052477
7424.991205771592
6261.431644778795
6195.17783827247
4022.847115166039
5246.830616378578
4162.3464875349
6152.355528310665
4817.544435728778
4927.739387658248
6637.506050355934
4819.586616026216
4863.150862925795
4550.71295516368
4974.907743196012
5391.941496826097
5680.358981459913
5459.614517186021
4831.132521629623
5003.217571083624
5665.018270586956
6547.674895369046
4749.692827219125
4910.15591902706
5250.17456851681
5950.822610828836
6963.229056525255
6382.455584857649
6172.604442937316
5159.381767721856
5523.470570219673
6741.922633032957
4763.646210882309
5631.537989718185
6455.1613803833625
7130.227402201486
4859.589603216538
6465.998549681579
6505.00833139874
5765.821684526236
6963.908603084967
6407.200876465733
6687.451047260005
6590.03315833592
4541.732962387863
7326.6298986130205
5432.264700046671
6043.479213996216
7132.847907151037
7191.9546542698445
6879.652142720644
4771.331222780167
6983.332069952223
5693.897511108324
6955.470421604668
6701.354169937782
4486.180835546762
4894.448643605776
6827.721938129565
4346.765621783152
7241.299015389297
6206.474091670983
6251.251369556961
7039.278785108898
6310.63293170416
6932.707447300008
5337.768162671864
5843.274321397988
4287.942661243613
5430.112316227798
7031.127749890997
5235.520464067942
6802.845570793779
6861.888356243924
6020.822151404225
5655.14814219505
3969.889460938303
4005.9266984660176
6661.6328705832475
4587.627440988512
6624.557960353588
6750.081111802625
6423.298324639974
4540.199285273533
5947.925193516014
4310.177366358001
5467.459648524153
6284.544617620646
4835.554191876885
5149.123660483978
6796.239781711887
5980.667043160167
5359.471961817557
7275.12335972148
4080.3176827213842
6328.019813851532
6984.140709893763
4759.554604014687
5951.000595693933
4023.8868765945795
7210.2188490782155
6475.887844517265
7238.729717132346
5399.6560004167695
6182.217636777184
4345.286003405421
5541.657139968898
5984.953316617184
5358.6983243295745
6559.065517614772
6113.771765219039
5689.295008054774
5633.90281828972
3715.260270335663
6218.25926976946
6133.18646283389
6025.018261638541
6440.218430095698
6977.445728379556
4834.468858963215
4727.392465513403
5300.090766833222
6124.192946103978
3838.8840001951353
6620.860580111825
6148.9059762742545
5665.412148052097
6415.414252849425
6766.781396387007
5685.352343832334
6542.117297035042
5758.557697262053
4970.384245320818
6103.871286973554
5874.986912568058
5853.782750502916
5472.060782797687
5524.863920434233
5191.989130360038
6497.761548021146
4357.583504554803
5440.675900011654
7172.648940047358
5587.925741483192
6109.308403616573
6544.382904221564
5305.260378729943
4806.550389782766
5084.691898988052
3687.516670149175
6996.7987357823
5544.07573930314
5516.394843985603
7350.5416607920215
6117.175235761693
4904.033716934289
4433.978556022923
3915.1478528243993
4235.037104330101
4851.337209595546
6728.875920142345
7077.719567846545
6767.616987036523
4275.576812439411
6718.293185033077
5621.29593186903
6435.108707736803
4681.927511788475
6123.798079701801
4792.705074042447
5913.921968605482
3826.0479536122284
4543.653797146359
6498.1496822653735
5467.430741640017
4730.559312930347
6536.43360733659
4668.665625816235
4500.663746939603
6192.4472079403895
6152.44041388099
4234.499173026656
4373.366281343369
4356.40407467564
5357.843118933939
5879.057321768034
6214.975215383343
4902.376599729903
4476.6579492129695
