4319.118725447775
6834.745329145309
4422.133444342169
3875.4924673553155
5203.969170362943
5933.593272058102
6087.87483442646
5405.752263843708
5488.288594591842
6084.6996146154015
5331.615818749993
5381.408766534678
5661.500212951129
5455.889584100345
6657.301552930874
6965.94385039099
5721.606215330921
6159.302537530442
6422.0973192093625
6393.150419153926
5450.9203733649865
3812.6008773441986
4935.372591597241
6547.064800756454
4255.918680797942
6069.390263631929
3941.2676182459377
4930.334111422502
6455.279067645628
6787.929421335208
5805.928179289471
4664.2805049933195
4712.817727885638
6777.573228825091
6436.2519044578585
5903.589925808295
5003.94821285959
5519.435093430844
4991.929813684212
3952.2057019011067
4254.833223410864
6206.922242408664
4285.354900011316
4748.440868317548
6487.125206043111
4007.5903013550223
5447.623035510274
6214.530983647681
4584.674162800602
6886.082841789323
5365.176830150616
6649.928227420238
4811.615665381152
5533.558218322138
5249.89691166382
4794.675737670097
5506.908554703599
5900.152738341947
4020.6267982247787
4597.108491241584
5994.293283588424
5744.667122805366
4754.288124215149
6823.501641295195
6384.602231463261
4615.5185991201
4331.379383732348
6572.02549567745
6521.700846027918
3956.2633312378134
5169.716324014169
6594.065931079791
3865.7797046504716
6225.687110418834
6863.244052942358
7460.928327437634
5268.120455703289
5000.63565302128
4399.0573145463495
6713.252983878521
4711.77502950449
6898.526233773742
6356.730792225115
4711.821673718812
6710.1266727428865
6114.176167984491
5256.712233159658
3861.151238247144
6876.767920290402
5317.758926813483
4431.95763307296
6424.305300065331
4929.697268353779
6687.498820652127
5063.32569999638
5278.315973061384
5127.592546732523
6675.077678697871
6009.755551682656
4029.807282098392
4710.92149928109
6895.625671833786
3995.3708461612628
4383.737412304812
6080.427503252025
6648.808757725794
7214.833408566659
4312.998079984046
4277.457133825299
5443.45163537852
6600.186636851935
5882.842749016863
4416.453837575045
5026.175731981202
3993.1368817706175
6919.214772891704
4518.707981227648
6051.56357874519
6650.914512643922
4671.508478451463
4096.9425010605155
4569.653530086802
6298.307718898259
5543.157643149041
6299.5403558263715
4332.836485317707
5886.004378654274
5042.885519957785
6491.054091815908
6195.4564745524
6234.044396188445
4253.864183541065
5497.017478118325
5883.817673578125
5342.949178856281
6978.037274437429
5149.51226351205
5673.83523018867
6160.654482084403
6530.756314887458
6351.032536432465
5680.65220145467
6188.468419409495
3999.7496892516065
5866.808505562374
5673.717941491817
6613.518190922552
5546.30704379091
5766.840796275572
4213.1052862913675
5299.093570011275
5984.751717070787
4768.113005737272
4614.153595277276
5877.476363089734
7236.424577435018
7086.800526843708
4869.003010454062
5743.599375125237
4869.05329652125
5694.871581283442
5858.884062772122
5927.8095863184935
5702.459985328753
4504.73768760247
4279.970773334744
4935.751040874664
3981.894272884661
6099.396185907113
7154.239367261465
4332.935208603161
6349.384311750155
5995.3259852531355
6877.602271815145
7036.61872380304
5559.836886669535
6324.020531284083
4052.467183234649
4800.237152770491
5197.125128357977
4351.698787602585
6994.298986332269
7369.079965782408
5998.989921889201
6711.146948670927
5750.849719349386
5162.28741250997
5047.515460760707
6198.093278362961
4275.443912756684
4879.797679919964
5437.4835052302315
5351.491445406773
6052.707909243018
4252.9897092590345
5681.981511616797
3886.1027255578224
6105.246875704926
4711.528078013696
5269.925501927481
5329.417834342879
5014.664478396537
6767.146985086054
4902.288494175407
4615.495586331899
5214.814866651648
5820.881594354838
6918.411685162921
6208.816309527552
4656.796810822958
3871.721568296482
6683.059450053959
4085.174006953775
4925.464863161806
4036.775576810301
6880.324775026211
5707.594798692744
4724.079971906936
5527.966498897622
6347.135912266918
6248.273857216869
4647.769327945811
5504.873849013144
7057.054550263758
6675.7662310665855
3815.4121981122225
5902.9112708402445
5470.433282221664
6518.6864489082345
5507.74863255239
5631.842576795836
6962.746613258851
5580.365144787795
4349.51433196837
5927.040561074877
5380.267475098657
7128.465543125478
7038.704753951541
3813.600702066495
4372.512873054238
5310.449738841851
4185.708014730926
6504.077641797217
5271.773126167529
6782.117070888256
6129.253255543481
6579.072329860883
4688.728051744651
4250.775607294312
7107.834896870436
6237.608505222997
5503.12297054249
5937.045965677178
6928.26448717948
5377.474389798066
4298.5693479577585
5066.144528008741
5836.899852023036
5972.50921051295
4326.67474746382
4881.757141400061
4254.8143433440255
3849.5177618317075
7231.355817118863
6587.195165753497
4334.584311367016
4981.771955510099
6075.02324878037
3977.9766876080794
6620.245283108205
7100.952908724983
5374.236396500775
5334.567644290475
7092.7523534304455
5935.861594459104
6841.554559486012
4990.043184048362
6593.415547954484
4794.315664316673
6459.901696339646
4155.8879897608
5894.800851367994
6908.622884668164
5891.841517379244
4696.407088993939
6457.5215188994935
4659.441412600547
5638.325044511996
6127.8934863131835
4822.229831476776
5762.462193596632
4434.014354215793
4533.071010452542
5040.831796371811
5312.923111594775
7110.5348530612755
4207.569404067492
7278.411074800717
6308.606618225145
5292.795330470077
5688.046575738472
4772.164900861003
5285.046760829611
5098.194392398676
6759.359932912896
5582.073538604747
5785.246412399942
6472.905467164794
4896.711824751455
5166.8811737115375
4611.4860649508755
6438.136345910703
7373.6885363883175
6299.4114923392135
6208.667390361792
4018.5224428822435
5388.679198308897
4116.793434666488
6039.3488468749765
4869.172986671245
5008.95088976473
6789.292941162859
4741.658781004891
4966.926792443643
4487.641254175924
4979.103044865369
5370.962469983338
5613.253206747668
5509.812064984611
4825.15744701824
5044.608360630678
5604.179578585108
6427.820286173386
4735.9720069588875
4985.25000433137
5328.674626007187
5953.955063715193
6844.449891112461
6509.462072257194
5990.829921065873
5117.425045326681
5474.609122646914
6817.712391226451
4863.300781174214
5707.552945758545
6536.824867688714
7072.997140666215
4783.948629987188
6479.880431512742
6388.849356949382
5742.59883155062
6891.873346585902
6325.5259366114005
6606.757994019661
6498.2793526358055
4603.289369527571
7149.267286184664
5518.221060283511
6172.023288260407
7055.721464459071
7083.9986183447
6850.556246406657
4750.430972854792
6901.469690287164
5739.019111677631
6930.216240348504
6593.871936232308
4522.730538834763
4932.754802750374
6845.904152644745
4311.55092654868
7232.294891570256
6268.45674921132
6262.417455258472
6961.970436490816
6279.246620506254
6925.489457902106
5331.020557081618
5774.355442430964
4206.3234304454745
5344.798981432656
7145.575922117347
5164.584337442222
6697.281045886795
6718.698187100585
5935.652140804332
5693.942485020392
4056.812208041348
4090.348354478168
6576.69252407467
4589.62323881617
6686.366273399581
6660.951049820211
6486.132276380027
4605.366351554487
6054.051113083544
4440.717216770672
5352.052528490465
6329.333994018571
4837.176519698485
5089.880466923134
6830.822083125233
5986.905185933663
5347.610699398243
7262.924353866676
4053.664491369786
6423.6122890220395
6978.170692750065
4815.1494223641475
5957.836401839222
4158.841820090045
7228.798512601123
6502.232397319171
7231.700513395699
5394.753048460627
6253.210548778014
4289.9718728009275
5593.639355888836
5924.510760204566
5294.0012455245815
6563.775833871881
5938.672653303056
5687.906988372088
5717.613204504407
3789.343811476479
6303.9860235679025
6200.157737242032
6160.389250587174
6457.146090029257
6970.385645807821
4784.867044648896
4737.836693917051
5372.3673830885855
6112.271205900941
3768.0096228457332
6639.6914286650535
6206.239141170861
5735.632192976118
6360.834079656943
6779.667551741279
5702.057942779626
6553.025500399064
5838.772761797216
4990.257692821564
6011.105534486713
5886.665107866398
5975.856978343241
5587.471950323765
5642.170359010135
5321.798109022231
6500.814914550681
4292.046304350239
5454.830006191072
7232.0680873527745
5571.674805176977
6091.32136339755
6525.247281888707
5324.871313167225
4783.8365567346
5042.571782704697
3705.775347489612
6951.023917965787
5528.342065083909
5527.783572648812
7337.540298816761
6131.0489016989395
4897.37529239504
4417.365289263531
3836.687635724635
4157.6877335456975
4876.617319262346
6643.751488822278
7020.956955713764
6840.97084073087
4346.457451807793
6737.383420530561
5621.865426592714
6511.7844615942595
4682.693461066865
6118.736412510334
4778.144560382432
5918.217757287379
3922.5663722752884
4548.394729117319
6376.306540264979
5586.0511452011015
4861.706132640891
6492.512786890971
4743.898357257733
4509.233679829449
6155.263726644533
6100.816047201215
4191.057361261795
4458.473093446355
4361.509056192921
5387.710305266688
5772.2401510043
6177.854568177712
4919.73046556959
4491.782629984964
