4191.0
6828.908112808016
4395.974300591874
3962.0
5167.261645389759
5951.197148685923
5871.21442883271
5381.228545261923
5525.940421845099
6069.621214822127
5291.169579125164
5342.140805271907
5702.864230844467
5315.058034157017
6637.126633190886
6822.518273995935
5547.049201340879
6232.592436254305
6357.107571951197
6273.507647605197
5247.279734609959
3651.0
4958.184779303073
6437.854942984942
4498.0
6100.560775491604
3920.2380477847637
4738.780946082122
6485.514183184892
6725.610818633442
5653.4480697794925
4537.6843882216435
4672.8523408223455
6671.617604992877
6346.930221966071
5731.9786327046695
4977.0
5501.625915878605
5023.295954212554
3819.0
4159.4476359890095
6106.449599764588
4282.0
4819.897616866608
6386.744947543724
3877.0
5382.967344510511
6166.559496707787
4533.393364486425
6802.036376042403
5276.7681278910095
6487.9714515879305
4816.274715951335
5435.29357062089
5193.3172293949
4692.128467361259
5468.168186404254
5784.079489705999
4091.0
4505.378925062189
5977.783269728296
5663.65019729336
4827.020962391273
6843.905265096177
6388.847669882759
4503.631547110666
4289.0
6403.594300991584
6491.045863829639
3630.0
5136.8544598066455
6660.2903562403435
3989.0
6124.05598554595
6825.033028008881
7232.527114577028
5342.690958172557
4877.108843050048
4714.0
6589.557967135825
4660.0
6871.419626860187
6358.426151343223
4641.563971863884
6745.073733857519
6025.721197532062
5163.262682579503
3776.0
6701.4066452991
5333.732736988241
4617.0
6308.593782617862
4846.107621501425
6510.306117121554
5009.6237598681455
5151.839031056457
4910.969943949797
6520.251213907666
6114.660837049541
3971.0
4868.0
6763.910840799541
3978.9285450940924
4358.276418777137
5930.937582461123
6556.338580333088
7029.392372246365
4249.258422982927
4359.300145932306
5331.630487419816
6660.778680619383
5840.447920777034
4181.0
4993.347398401784
3993.7196053196494
6952.620577827129
4475.0
6010.276919520045
6560.626750809447
4636.633356008959
4135.0
4487.841769686273
6129.468659797248
5498.475281171154
6142.844624010114
4680.0
5817.504260126161
4906.6336626601715
6446.688023120269
6182.922074770045
6204.20208969906
4273.0
5510.136849263951
5699.838710651383
5259.881694065034
6896.879981791183
5155.856151004443
5564.498175866586
6158.87966547657
6427.448037699371
6226.668952325175
5578.114593134205
6074.641817730337
3995.0
5747.395056387933
5478.859221822669
6489.268972066463
5412.492513424503
5673.931522173254
3799.0
5214.783563606714
5921.104131463986
4674.123662234203
4805.0
5815.158262048681
7099.392243340129
7046.92372126111
4729.323853534025
5700.760648716993
4735.050402919209
5663.773461128736
5816.4520841288195
5907.105201942452
5765.190193374216
4563.704652736985
4556.0
5022.4473282542585
3627.0
6086.896059243129
7012.867927956846
4587.0
6366.795309699964
5859.86757120394
6694.341593747697
6932.120066307608
5416.601992156461
6244.217891949286
3810.0
4681.605762369513
5056.054474747367
4284.06222703924
6904.695651216559
7287.452880804921
6007.307163545627
6782.06374540192
5717.527054531325
5108.587306667912
4937.647853791006
6031.948286493807
4284.953028310895
4836.932264620654
5440.133338454823
5414.36400756026
5897.66943428698
4701.0
5672.924427918338
3958.2334735913005
6111.632560339808
4740.512492051179
5379.925528110577
5230.0055317256465
4922.6880493437
6686.153896494914
5026.777186769563
4512.764563298446
5288.962107473244
5699.60015808421
6780.477210277629
6166.79281936651
4546.838152776676
3986.0
6679.087789886757
4465.0
4901.28900871468
4173.0
6726.093498770959
5739.959080733755
4727.410302865528
5412.403649945669
6293.424442049539
6121.352597077696
4444.0
5453.819067326922
7008.348881603816
6607.258287086135
3982.0
5804.492571211011
5454.141078598802
6342.516257866168
5442.771059512748
5593.574088398069
6720.386827568043
5587.622731200029
4377.400101549045
5873.219871518755
5379.380390676672
7024.384740697336
6955.107194787429
3921.5510063081506
4356.610317755351
5193.7681345480205
4335.0
6423.723760712746
5088.91963458484
6585.56550048166
6065.705054136732
6313.275295884712
4468.0
4183.044257611438
6911.3121801046245
6155.520505559924
5523.167174463827
5781.649765310774
6899.193590931482
5191.323668246921
4662.0
5118.406809919242
5687.344742280988
5953.284716328235
4623.0
4894.587134583588
4202.198720846811
3833.0411270335553
7131.909400066813
6345.576477386459
4344.437219682588
5003.027281093662
5998.406801505539
3842.4782761682914
6547.712250132016
7049.166997669492
5253.063082084927
5301.295049392741
7104.889981392069
5884.878750818788
6750.836258912291
4966.308901469916
6529.072309035379
4737.027336314788
6311.087589661878
4285.0
5852.238133533861
6811.783455803211
5738.495584323964
4539.077288813364
6367.947261963487
4623.587093225942
5590.180660052738
6048.040925262439
5058.0
5597.626957980874
4364.579328029458
4554.192690900862
4996.104864137057
5144.437937221123
6971.965655406544
4073.223471189436
7100.878718525547
6260.615508898933
5181.508384219454
5670.579555225278
4836.685598675947
5263.5255213662795
5042.6838939991885
6732.747942210393
5595.767438440967
5640.388492242437
6362.238008380581
4869.065285744386
5132.199842895773
4493.300189935398
6358.971164041982
7309.192964617274
6193.545315823036
6167.942270617977
3621.0
5224.464493102862
4216.0
6073.284422648532
4774.035548583022
4928.591510126598
6499.4048402847475
4745.869292820973
4839.720690340636
4516.170364130944
4982.72619455681
5305.353197460878
5636.48718516793
5449.891613748817
4734.506017303698
5027.574056866899
5614.014616469564
6476.539916295236
4770.1542617753
4843.324735221649
5259.339654813448
5995.058088663069
6796.183245220205
6320.36446788612
6042.083554349853
5184.905414177485
5488.776456175739
6642.138106426366
4725.316968705847
5574.430391774547
6368.52910430669
6985.181921761189
4823.271682573231
6392.398839745264
6384.206665118992
5736.657347620989
6771.926882467974
6244.560701172587
6530.760837808005
6489.626526668737
4482.1863699102905
7055.303918890417
5366.811760037337
5950.583371196973
6978.27832572083
6737.163723415876
6679.721714176516
4736.664978224134
6795.665655961779
5685.91800888666
6846.176337283735
6569.083335950226
4481.94466843741
4822.758914884622
6653.577550503653
4315.212497426522
6931.639212311438
6110.979273336788
6162.80109564557
6855.223028087119
6321.306345363329
6796.965957840007
5325.414530137491
5766.419457118392
4217.75412899489
5396.289852982239
6918.702199912798
5145.016371254354
6653.676456635023
6733.51068499514
5914.8577211233805
5616.318513756041
3963.0
4110.0
6563.706296466598
4585.10195279081
6505.246368282871
6643.8648894421
6263.23865971198
4937.0
5874.740154812811
4218.0
5421.967718819323
6252.835694096517
4688.843353501508
5144.698928387183
6760.9918253695105
5927.133634528134
5303.977569454046
7091.898687777184
3573.0
6251.815851081226
6814.312567915011
4717.24368321175
5907.400476555147
4169.0
7130.375079262572
6417.910275613812
7188.383773705877
5371.3248003334165
6118.774109421748
3980.0
5529.925711975119
5951.362653293747
5331.958659463659
6449.252414091818
6046.017412175231
5672.23600644382
5580.922254631776
3840.0
6145.407415815568
6065.149170267113
5902.614609310834
6317.574744076559
6886.756582703646
4777.975087170573
4770.513972410723
5257.872613466578
6079.354356883183
4013.0
6565.88846408946
6062.324781019403
5634.129718441678
6317.13140227954
6677.425117109606
5586.281875065867
6424.093837628034
5801.846157809642
4942.9073962566545
6008.097029578843
5831.789530054447
5792.226200402333
5443.048626238151
5512.891136347386
5202.79130428803
6370.409238416917
4301.066803643842
5378.1407200093245
7114.119152037887
5521.140593186554
6120.846722893259
6429.106323377252
5191.008302983955
4724.640311826213
5029.153519190442
3243.0
6805.4389886258405
5500.8605914425125
5466.315875188482
7191.833328633618
6039.940188609355
4846.626973547432
4423.582844818338
3803.31828225952
4158.0
4789.0
6661.300736113876
6976.175654277236
6779.493589629219
4198.261449951528
6687.234548026462
5526.036745495224
6400.286966189443
4695.0
6024.638463761441
4722.564059233959
5878.137574884386
3755.0
4472.0
6280.719745812299
5450.5445933120145
4814.0
6407.346885869272
4681.132500652988
4460.530997551683
6121.557766352313
6015.152331104792
4001.0
4271.6930250746955
4498.0
5336.674495147152
5800.2458574144275
6205.580172306675
4676.0
4466.326359370376
