4193.0
4041.0
3922.0
3787.0
3471.0
3454.999999999999
3481.0
3218.0
3630.0
3326.0
3407.0
3740.0
3326.0
3699.0
3792.0
3947.0
3942.0
3382.0
3625.0
3705.0
3592.0
3330.0
3375.0
3694.0
3732.0
3343.5
4148.0
3851.0
3779.0
3465.0
3467.0
4135.0
4376.0
3784.0
4049.0
3715.0
3441.0
3515.0
3751.0
3757.0
3314.0
3781.0
3541.0
3802.0
3627.0
3437.0
3540.0
3222.0
3797.0
3825.0
3692.0
3660.0
3707.0
2907.0
3530.0
3310.0
3817.0
3404.0
3173.0
3130.0
3958.0
3891.0
3598.0
3627.0
3274.5
4135.0
3691.0
3904.0
3817.0
4016.0
4277.0
3840.0
3618.0
4030.0
3659.0
3370.0
3560.0
3525.0
3417.0
3826.0
3529.0
3344.0
3553.0
3198.0
3819.0
3751.0
3921.0
3347.0
3752.0
3882.0
3344.0
3965.0
3274.0
3671.0
3189.0
3306.0
3751.0
3579.5
3750.0
4336.0
3621.0
3896.0
3793.0
3839.0
3320.0
3826.0
3471.0
3416.0
4247.0
3804.0
4135.0
3944.0
3704.0
4014.0
2973.0
3432.0
3337.0
3233.0
3641.0
3769.0
3259.0
3536.0
4255.0
3454.0
3902.0
3580.0
4268.0
3174.0
3616.0
3606.0
4130.0
3518.0
4137.0
3847.0
3883.0
3257.0
3720.0
3717.0
4077.0
3001.0
3853.0
3768.0
3904.0
3721.0
3777.0
3490.0
3870.0
3595.0
3051.0
3281.0
4111.0
3533.0
3990.0
3923.0
4060.0
3502.0
3225.0
3975.0
4157.0
3708.0
4065.0
3636.0
2971.0
3483.0
3750.0
3483.0
3134.0
3299.0
3551.0
3948.0
3363.0
3142.0
3872.0
3294.0
2836.0
3331.0
3696.0
3960.0
3930.0
3648.0
3807.0
3038.0
3597.0
3482.0
3740.0
3279.0
3637.0
3668.0
4013.0
3636.0
3646.0
3362.0
3765.0
3675.0
3329.0
3106.0
3378.0
3685.0
3485.0
3966.0
3895.0
3271.0
3936.0
3824.0
3763.0
3967.0
3557.0
3698.0
3242.0
3163.0
4116.0
3481.0
3974.0
4211.0
3722.5
3219.0
4373.0
3334.0
4107.0
3483.0
3528.0
3925.0
3740.0
3736.0
4249.0
4198.0
4153.0
3324.0
3505.0
3375.0
3445.0
3787.0
3276.0
3633.0
3446.0
3900.0
4120.0
3486.0
3553.0
4107.0
3614.0
3912.0
3766.0
3980.0
3564.0
3341.0
3992.0
2857.0
3438.0
3729.0
3223.0
3800.0
3513.0
3860.0
3812.0
4046.0
3874.0
3379.0
3794.0
3610.0
3302.0
3951.0
4173.0
3473.0
3389.0
4275.0
3724.0
3310.0
3375.0
3757.0
3318.0
3855.0
3306.0
3286.0
3320.0
3757.0
3860.0
4259.0
3413.0
3830.0
4142.0
4035.0
3990.0
3387.0
3589.0
3825.0
3842.0
3014.0
3179.0
3253.0
3451.0
3546.0
3328.0
3848.0
3603.0
3991.0
3205.0
3567.0
3458.0
3734.0
4009.0
3437.0
3506.5
4348.5
3331.5
4499.0
3363.0
3927.0
3439.0
3302.0
3764.0
3790.0
3325.0
3929.0
3497.0
3477.0
3798.0
4413.0
3341.0
4164.0
3877.0
3196.0
3718.0
3584.0
3869.0
4062.0
3276.0
4012.5
3794.0
2982.5
3653.0
3562.0
3334.0
3666.0
3658.0
3922.0
3614.0
3995.0
3783.0
3414.0
3920.0
3424.0
3509.0
3565.0
4028.0
3653.0
3864.0
3395.0
3567.0
3273.0
3496.0
3876.0
3525.5
3541.0
3487.0
3110.0
3911.0
3569.0
3108.0
3612.5
3598.0
3692.0
3281.0
3778.0
3536.0
3738.0
3011.0
3665.0
3671.0
3814.0
3408.0
3423.0
3795.0
3809.0
3712.0
3325.0
3732.0
2858.0
3698.0
3540.0
3658.0
3215.0
4026.0
3684.0
3660.0
3763.0
3769.0
3688.0
3625.0
3354.0
4380.0
3687.0
3339.0
3833.0
3438.0
3368.0
3404.0
3735.0
3957.0
3718.0
3607.0
3920.0
3908.0
3958.0
3748.0
3791.0
3465.0
3743.0
3829.0
3574.0
3727.0
3934.0
3742.0
3985.0
3844.5
3252.0
3724.0
3899.0
3474.0
3626.0
3227.0
3411.0
3670.0
3569.0
3875.0
3222.0
3594.0
4010.0
3056.0
3898.0
3561.0
3686.0
3307.0
4018.0
4016.0
3785.0
4257.0
3926.0
3847.0
3599.0
3914.0
3632.0
3828.0
3670.0
4099.5
2988.0
3751.0
3768.0
3868.0
3712.0
3342.0
3577.0
3675.0
3242.0
3516.0
3914.0
4024.0
3545.0
3749.0
3929.0
3589.0
3147.0
3803.0
3573.0
2799.0
3836.0
3422.0
3587.0
3800.0
3839.0
3716.0
3497.0
4170.0
3817.0
3484.0
3712.0
4143.0
3242.0
3640.0
3674.0
3473.0
3378.0
3603.0
3295.0
3658.0
3245.0
3109.0
3520.0
3424.0
3521.0
3426.0
3368.0
3731.0
3648.0
3769.0
3783.0
3690.0
4143.0
3718.0
4054.0
3838.0
3492.0
2890.0
3598.0
3822.0
3594.0
3664.0
3857.0
3591.0
3664.0
2952.0
3577.0
4066.0
3358.0
4334.5
3901.0
3712.0
3167.5
2996.0
3574.0
3266.0
2942.0
4320.0
3413.0
3498.0
3359.0
3295.0
3817.0
4189.0
3406.0
3667.0
3406.0
3918.0
3301.0
3672.0
3856.0
3670.0
3473.0
3878.0
3988.0
3459.0
3560.0
3739.0
3742.0
3886.0
3820.0
3610.0
3433.0
3678.0
4012.0
3408.0
3629.0
3802.0
3623.0
3536.0
3874.0
3833.0
4200.0
3738.0
3408.0
3822.0
3965.5
3309.5
3833.0
3811.0
3896.0
3771.0
3197.0
3801.0
3585.0
3777.0
3091.0
3387.0
3653.0
3733.0
3439.0
3790.0
3784.0
3540.0
3424.0
3458.0
3562.0
3885.0
4101.0
3607.0
3771.0
4135.0
3858.0
3873.0
4163.0
3752.0
3785.0
3619.0
3420.0
3278.0
3682.0
3342.0
3562.0
3287.0
3979.0
3819.0
3192.0
3447.0
3764.0
3592.0
3563.0
3421.0
3620.0
4196.0
3775.0
3647.0
3427.0
3608.0
3829.0
3328.0
4105.0
4272.0
3172.0
3904.0
2906.0
3974.5
3513.0
3502.0
3344.0
3622.0
4045.0
3989.0
3532.0
4065.0
3365.5
3543.0
3729.0
3361.0
4029.0
3732.0
3086.0
3572.0
3728.0
3512.0
3564.0
3288.0
3537.0
4108.0
2428.0
3783.0
3198.0
3351.0
3700.0
3934.0
3204.0
4084.0
3242.0
3664.0
3961.0
3662.0
3678.0
4091.0
3795.0
4209.0
4293.0
2850.0
3769.0
4132.0
3714.0
3636.0
4011.0
4104.0
3741.0
3890.0
3440.0
3552.0
3855.0
3434.0
3608.0
3787.0
3665.0
3584.0
3858.0
3822.0
3040.0
3672.0
3687.0
3726.0
3725.0
3703.0
3215.0
3594.0
3652.0
3464.0
3978.0
3591.0
3985.0
4162.0
3424.0
3351.0
3374.0
3965.0
4036.0
3701.0
3976.0
2906.0
4020.0
3758.0
3726.0
3572.0
3445.0
3197.0
3236.0
3733.0
3588.0
3947.0
3949.0
3428.0
3991.0
3276.0
4196.0
3672.0
3274.0
3700.0
3532.0
3715.0
4051.0
3592.0
3517.0
3585.0
3870.5
3053.0
3507.0
4072.0
3387.0
3378.0
3141.0
3549.0
3893.0
3756.0
3730.0
3889.0
3253.0
3650.0
3536.0
3789.0
3407.0
3602.0
3658.0
4097.0
3489.0
3727.0
3576.0
3819.0
3505.0
3047.0
2906.0
4020.0
3968.0
4123.0
3628.0
3144.5
3949.0
3660.0
3396.0
3261.0
3793.0
3611.0
3538.0
3671.0
4087.0
3715.0
3332.0
3862.0
3381.5
3548.0
3403.0
3494.0
3822.0
3434.0
4038.0
3401.0
3171.0
3079.0
3352.0
3725.0
3599.0
3451.0
3366.0
3140.0
3716.0
3691.0
3312.0
3902.0
3901.0
3869.0
3810.0
3631.0
4061.0
3481.0
3503.0
3894.0
4189.0
2814.0
3473.5
3105.0
3694.0
3738.0
3880.0
3572.0
4062.0
3703.5
3519.0
3641.0
3681.0
3585.0
3165.0
3161.0
3728.0
3591.0
3898.0
3938.0
3695.0
3572.0
4046.0
3902.0
3911.5
3035.0
3592.0
3958.0
3190.0
3880.0
3550.0
3777.0
4030.0
3458.0
3828.0
3200.0
4123.0
3361.0
3985.0
3534.0
3746.0
4083.0
3145.0
4146.0
3829.0
3166.0
4020.0
2878.0
4179.0
3864.0
4022.0
3492.0
3695.0
3543.0
3085.0
3574.0
3717.0
3452.0
3898.0
3371.0
3589.0
3637.0
3417.0
3795.0
3660.0
3367.0
3261.0
3974.0
3818.0
3441.0
3768.5
3342.5
3710.0
3837.0
4015.0
3719.0
3954.0
3652.0
3400.0
3661.0
4061.0
4020.0
4078.0
4001.0
3399.0
3341.0
3275.0
3409.0
3585.0
3257.0
3907.0
3825.0
3318.0
4079.0
3708.0
3852.0
3486.0
3323.0
3429.0
3969.0
3402.0
3964.0
3283.0
3563.0
3178.0
3604.0
3441.5
3919.0
3476.0
3235.0
3966.0
3236.0
3632.0
2936.0
3555.0
3629.0
3337.5
3155.0
4160.0
2965.5
3664.0
3547.0
3550.0
3316.0
3826.0
3233.0
3386.0
3828.0
3430.5
3444.0
3740.0
3406.0
3413.0
3413.0
3604.0
4188.0
3822.0
3007.0
3623.0
3753.0
3569.0
4102.0
3828.0
3916.0
3403.0
3628.0
3749.0
3854.0
3443.0
3743.0
3535.0
3518.0
3411.0
3710.0
3787.0
3647.0
3833.0
4352.0
3625.0
3484.0
3869.0
3976.0
3795.0
3587.0
3906.0
3947.0
4243.0
4511.0
3364.0
4020.0
3662.0
3647.0
3635.0
3893.0
3650.0
3529.0
3768.0
3103.0
4022.0
3193.0
3906.0
3483.0
3525.0
3672.0
3945.0
3095.0
2860.0
3841.0
3874.0
4070.0
3279.0
3560.5
3459.0
4126.0
3416.0
3836.0
3870.0
3452.0
3297.0
3596.0
3820.0
3831.0
3908.0
5515.5
4940.0
5228.0
5562.0
5393.5
5129.0
4857.0
5969.5
5516.0
4656.0
4921.0
5311.5
5155.5
4955.0
5860.0
5834.0
4943.0
5140.5
4903.5
4938.0
5749.5
5099.5
4982.5
5317.0
5051.0
4921.0
5052.5
4970.0
4826.0
4854.5
4930.0
5075.5
5655.0
5191.0
4842.0
5574.0
5259.5
5387.0
5057.5
4818.5
4939.0
5077.0
5537.0
5412.0
4747.5
5310.0
5574.0
5174.0
5326.0
5609.0
5083.5
5487.0
4543.0
5244.5
5297.5
5344.0
5088.000000000001
4893.0
5713.0
4473.0
5414.5
4934.5
4896.0
5549.0
5012.0
5467.500000000001
5707.0
5324.5
4537.0
5579.5
4593.5
5666.0
5191.5
4639.0
5158.5
5003.0
4944.0
5384.5
5350.0
5458.0
5017.0
5540.5
4870.0
5058.5
5549.0
5068.0
5159.5
5131.5
5833.0
5373.0
5053.0
4964.5
5351.5
4677.0
4679.0
5003.0
5803.0
5115.5
4794.0
5143.5
4927.0
5138.0
5154.5
5187.0
5052.5
5094.0
5636.0
5124.5
5219.5
5115.5
5466.0
5612.5
5089.0
4648.0
4904.5
4970.0
4798.5
5073.5
5886.0
4987.5
5717.0
5508.5
5778.0
4971.0
5166.0
5015.5
5327.5
5219.0
5328.5
5215.0
5670.0
5636.0
5023.0
4958.5
5268.0
5161.5
5372.5
5701.5
5269.5
5221.0
5232.5
4995.0
5080.5
4870.0
5488.0
5624.5
5110.0
4615.5
5344.0
5600.0
6098.0
5978.5
5116.5
5486.0
5307.5
5040.5
5554.0
4846.5
5539.0
4868.5
5339.5
5405.0
5716.0
5320.5
5294.5
5151.5
5399.5
4682.5
4779.0
4966.0
5313.5
5289.0
5907.5
5381.5
5079.5
4908.0
4966.5
5552.0
4605.0
5417.0
5462.0
4859.5
5287.0
4901.0
5508.0
5221.0
4399.5
5522.5
5017.0
5004.5
5198.0
5183.0
5059.5
5279.5
5074.5
5088.0
4677.0
5707.0
5067.5
5551.0
4716.0
5288.0
5058.0
4760.5
5016.5
5467.5
5097.0
4522.5
5339.0
4965.5
5251.0
4961.0
5263.0
5635.0
5378.0
5555.0
5388.0
6083.0
5039.5
5044.0
5156.0
5589.5
5240.5
5268.0
4889.5
5690.5
4964.0
5324.5
4983.0
5118.0
5366.5
5233.5
5434.5
4807.5
5065.5
5510.5
5762.0
4323.0
5210.0
5203.5
4842.0
4939.0
5606.5
4674.0
4998.0
5265.0
5798.0
4802.5
5144.0
5776.5
5056.0
5849.5
5472.0
5061.5
5256.0
4556.5
4340.5
5905.0
4271.5
5494.5
5508.5
5458.0
5406.5
5795.0
5056.5
4974.0
5461.0
5460.5
4867.0
5235.5
5509.5
5533.5
5019.5
5969.0
4502.0
4944.0
5836.0
5616.0
5617.0
4663.0
5345.5
4752.0
4943.0
5019.0
4974.0
5150.0
4318.5
5666.0
4870.0
5395.0
5523.5
5414.0
5913.0
5257.5
5439.5
5807.5
5225.5
5779.5
5469.5
5492.0
4830.0
5291.0
5051.5
5093.0
5405.0
5759.5
5749.5
5434.5
4872.0
5580.5
5261.5
5050.0
5628.0
4754.0
5353.5
5006.0
5276.5
5588.0
5889.5
4823.5
4782.5
5207.0
4991.5
5008.0
4930.0
5424.5
5568.0
4902.5
4960.5
5570.0
5666.5
4878.0
5118.001219512194
5370.0
4942.0
4529.0
5113.0
5297.5
4895.0
5291.5
4782.5
4768.0
5530.0
5176.0
4981.5
4988.0
5567.5
5209.5
5168.0
4745.0
4741.5
4969.5
4789.5
5790.5
5354.5
4980.0
5459.5
5853.5
5326.0
5214.5
5517.0
4987.0
4524.0
5694.0
5131.5
5544.5
5516.5
5134.0
4989.0
5214.0
5313.0
5174.0
4508.0
5497.0
5551.0
5086.0
4941.5
4959.5
4394.5
4641.5
5733.5
5582.0
4769.0
5069.0
5058.5
5500.5
5190.0
4978.0
5844.0
5406.0
5205.0
5688.5
5453.0
4930.5
5055.0
5740.0
4955.5
5550.0
5258.5
5174.5
4713.0
5219.5
5021.0
4987.5
5066.0
5100.5
4989.5
5207.5
5034.5
5731.5
4774.0
4675.0
5564.5
5351.5
5246.0
5183.5
5601.0
5004.0
5177.5
5092.5
4806.0
4658.0
5222.0
4443.0
4533.0
5068.0
4829.5
5462.0
4886.0
5873.0
4696.0
5610.5
5516.0
4981.0
4753.5
5713.500000000002
5166.5
5499.0
5776.5
5221.0
4996.0
5299.0
5208.5
5697.0
5308.5
4886.5
5123.0
4991.0
5360.5
5723.5
4918.0
4727.5
5779.5
6001.5
5797.0
5120.5
5599.0
5327.5
5675.5
5706.5
5404.5
4886.0
5288.5
5321.0
5449.5
4751.5
5106.0
5241.0008130081305
5348.5
4606.5
4314.5
4876.5
5190.5
5163.0
5197.5
5097.0
4727.0
5099.0
4514.5
5349.5
5224.5
4597.0
4869.5
4910.0
5411.0
5361.0
5011.0
5325.5
5394.0
5666.5
5760.0
5191.5
5292.0
5073.0
5445.5
5118.0
5607.0
5506.5
5360.5
5236.0
6107.0
6432.0
6314.0
6294.0
6725.5
6484.0
6107.0
5865.5
6451.0
6007.0
6242.0
6241.0
6462.0
6595.0
6638.0
6167.0
6593.5
6386.5
6426.5
6557.5
6913.5
6271.5
5885.0
6125.0
6659.0
7224.500000000004
6390.0
6057.0
5883.5
5868.0
5864.0
6652.000000000005
6989.5
6384.5
6180.0
6203.0
6548.5
6082.0
6458.5
6560.0
6162.500000000001
6255.5
6918.5
5777.5
6395.5
6466.0
7064.5
6232.5
6111.5
6417.0
6496.0
6342.0
6339.5
6017.0
6949.0
6858.5
6323.5
6505.0
6699.5
6334.5
6315.5
6214.0
7155.5
6645.000000000009
6400.0
6390.0
6204.5
5605.5
6456.0
6316.0
6163.5
6523.5
6674.0
6532.5
6396.5
6629.5
6579.5
6708.5
6540.0
6053.5
6797.5
6144.5
6728.0
5934.5
6428.0
6197.0
6891.5
6340.0
6417.5
6126.5
6135.5
6194.5
5803.5
6745.000000000001
6318.0
7285.0
6887.5
6380.0
6384.0
6038.0
5946.0
6282.0
6191.500000000002
6635.5
6117.5
6427.5
6295.5
6510.500000000002
5832.5
5783.5
6428.5
6496.0
5903.5
5906.5
6170.5
6204.0
6198.5
6079.5
6151.5
6060.0
6591.0
6718.0
6237.5
6432.5
6454.5
6126.5
5700.0
5984.5
6478.5
6194.5
5847.0
6521.5
6265.5
6079.5
5987.5
6365.0
6388.0
6684.5
6172.5
6347.000000000001
6325.5
6063.5
6463.0
6414.0
6570.0
6000.0
6238.5
5965.5
5758.5
6301.0
5767.0
5907.0
6211.500000000002
7032.5
6478.0
6583.0
6565.5
6552.0
6548.0
6545.0
7119.5
6195.5
6259.0
6360.5
6013.0
6556.5
6281.0
6932.5
6300.0
6101.5
6083.0
7328.5
6380.0
6548.5
7023.5
5743.0
5960.000000000002
6443.0
6865.5
5887.5
6517.5
6127.5
6458.0
6154.5
6660.5
5991.5
5929.5
6126.0
6399.5
6109.5
6391.500585480093
6263.5
5539.0
6081.0
5857.0
6144.5
6696.0
6412.5
6326.5
6431.0
6515.5
6723.5
6601.0
6575.0
6531.0
6594.5
6596.5
6357.0
6616.5
6137.0
6785.5
6305.0
6218.0
6971.0
6343.5
6022.0
5582.0
6349.0
6312.0
6596.0
6249.0
6106.0
6882.5
6512.5
6706.500000000008
6636.0
6436.5
6463.5
6361.0
6485.5
6773.0
6186.5
6462.0
6143.0
5824.5
6206.0
7087.5
6201.0
7029.000000000002
6393.5
6216.0
6064.5
6413.0
6404.5
6936.5
5852.0
6061.5
6889.0
5848.0
6267.0
6150.5
5664.5
5922.5
6557.5
6343.0
6990.5
6603.5
6524.5
6322.0
6748.0
6140.0
6325.0
6015.5
5964.0
5923.5
5999.0
6087.5
6430.0
6377.5
6201.5
5805.5
6825.5
6514.5
6603.5
5944.5
6433.000000000002
7182.5
5779.5
6610.0
6293.0
6011.5
6119.000000000001
6576.5
6541.5
6757.0
6211.5
7003.5
5905.5
6454.5
5991.5
6292.0
5914.5
6341.5
6101.5
6150.0
6277.5
6340.0
6721.5
5552.5
6258.5
6317.0
6156.0
5659.0
6618.5
6610.5
6537.5
6383.5
6023.0
6303.0
6256.5
6648.5
6514.5
6607.5
6394.0
6145.0
6552.0
6658.0
6154.0
6193.5
6210.5
6234.0
6223.5
6638.000000000002
7031.0
6020.5
5493.5
5965.0
6972.0
6325.0
6926.5
6108.0
6283.0
5944.5
6203.5
6197.5
6384.5
6749.5
6513.5
6220.5
6433.0
6302.0
5985.0
6687.0
6172.5
6197.0
6117.0
6321.5
6010.0
6781.5
6084.5
6623.5
6190.5
6211.0
7274.0
6324.500000000002
6636.0
6063.5
6322.0
5972.5
6084.5
6238.5
6292.5
7222.0
6209.5
5963.0
7053.5
6640.0
6325.5
6346.000000000001
6414.0
6613.5
6799.0
6304.5
6692.000000000001
6816.0
6493.0
6846.0
6220.0
5707.5
6820.0
6098.5
6309.0
6468.0
6131.5
6950.500000000002
6414.0
6798.5
5806.5
6465.0
6402.0
6385.5
7055.5
6239.5
6649.0
6609.0
6620.0
6182.0
5723.5
6543.5
6572.0
6370.0
6154.0
6349.0
7027.5
6072.5
6313.5
6573.5
6183.0
6515.5
6700.0
6478.5
6746.5
6487.5
6320.0
6367.5
6227.5
7427.0
6615.0
6321.5
7095.0
6614.5
6284.5
5667.0
6595.0
6467.0
6534.5
6434.0
6429.5
6526.0
5903.0
6172.0
6604.5
5689.0
6840.0
6752.0
6468.0
6494.0
6559.5
6077.0
6542.5
6751.0
5861.0
6812.0
6351.5
6071.0
6051.0
5656.5
6662.5
6731.5
6361.0
6233.0
6569.500000000002
6500.0
6360.0
6362.5
6378.0
6138.0
6253.0
6311.0
6327.0
5983.0
6451.5
6498.0
6313.5
6175.0
7127.0
6417.0
6436.0
5851.0
6547.5
6133.0
6346.0
6120.5
6087.0
6317.5
6634.0
6513.5
6422.0
5714.5
6785.5
6471.5
5813.0
6308.0
6871.5
7047.5
6513.0
6276.5
6275.5
6334.0
6151.5
6801.0
6731.0
6446.5
6461.5
6503.0
6480.0
6786.5
6121.5
7047.0
6173.0
