[4238.1963]
[6621.565]
[4310.6406]
[4070.348]
[5125.4976]
[5855.808]
[5902.009]
[5597.897]
[5656.03]
[6037.0225]
[5258.249]
[5314.117]
[5707.552]
[5542.655]
[6422.2734]
[6667.5464]
[5647.176]
[6183.5713]
[6223.8174]
[6264.2383]
[5274.782]
[3666.3914]
[5486.1934]
[6423.0273]
[4500.079]
[5862.2695]
[4057.1736]
[5100.288]
[6459.202]
[6855.682]
[5687.566]
[4900.336]
[4713.4473]
[6575.861]
[6101.3804]
[5461.077]
[5175.845]
[5692.091]
[5099.575]
[3879.2532]
[4236.816]
[6156.1787]
[4289.3506]
[5206.941]
[6562.9277]
[4076.221]
[5596.57]
[6131.463]
[4627.6357]
[6411.156]
[5016.546]
[6371.1167]
[4757.1206]
[5507.6514]
[5234.3496]
[4747.061]
[5346.127]
[5804.458]
[4044.003]
[4506.8804]
[5890.3594]
[5560.1865]
[4952.8594]
[6770.708]
[6496.0513]
[4693.9004]
[4510.634]
[6186.7686]
[6425.167]
[3722.944]
[5128.2812]
[6448.9546]
[3944.243]
[6162.26]
[6584.9897]
[6864.7734]
[5444.238]
[4788.551]
[4779.117]
[6367.087]
[4700.226]
[6355.6533]
[6295.7783]
[4655.5635]
[6489.792]
[6034.1807]
[5269.1704]
[3811.1384]
[6714.6865]
[5648.0957]
[4742.236]
[6376.316]
[4958.1997]
[6071.3984]
[4889.9326]
[5063.625]
[5185.754]
[6299.1826]
[6262.9634]
[3938.028]
[5085.6514]
[6590.217]
[4047.3577]
[4708.7217]
[6004.5894]
[6577.969]
[6566.3657]
[4383.576]
[4534.242]
[5572.7354]
[6452.752]
[5691.8916]
[4417.1904]
[5124.7725]
[4080.241]
[6828.7466]
[4451.9956]
[5975.4653]
[6393.313]
[4850.3096]
[4126.7183]
[4692.4614]
[5785.283]
[5537.666]
[5966.964]
[4683.969]
[5941.3643]
[4951.152]
[6557.5356]
[5802.2627]
[6321.5737]
[4367.4434]
[5685.6123]
[5735.3213]
[5452.777]
[6389.0386]
[5408.0713]
[5799.5513]
[6212.479]
[6278.2295]
[6095.8325]
[5673.364]
[6123.177]
[4110.6094]
[5655.2446]
[5614.058]
[6343.4336]
[5260.451]
[5748.9604]
[4037.8901]
[5050.3066]
[6191.2754]
[4605.5137]
[4879.1436]
[5852.0337]
[6878.52]
[6584.562]
[4865.003]
[5848.6753]
[4749.7886]
[5612.858]
[5740.5093]
[5821.9707]
[5605.5747]
[4645.7686]
[4645.75]
[5180.077]
[3568.678]
[6085.5635]
[6682.35]
[4741.6436]
[6492.918]
[6074.853]
[6604.911]
[6790.383]
[5579.099]
[6120.898]
[3833.0598]
[4563.2017]
[4948.8184]
[4114.002]
[6602.4614]
[6962.7036]
[6146.559]
[6729.4155]
[5539.24]
[5359.429]
[5126.472]
[6233.0474]
[4240.3257]
[4994.548]
[5374.145]
[5333.506]
[6025.5083]
[4715.259]
[5568.7637]
[4079.0505]
[6124.086]
[4643.771]
[5599.6733]
[5416.149]
[5064.675]
[6643.541]
[5269.287]
[4757.0356]
[5265.8267]
[5615.7676]
[6653.542]
[6336.5522]
[4547.078]
[4058.2402]
[6546.166]
[4453.9536]
[5274.9146]
[4212.069]
[6684.0757]
[5990.079]
[4942.299]
[5641.595]
[6268.949]
[6285.84]
[4495.719]
[5566.635]
[6867.4155]
[6542.8276]
[3957.1555]
[5883.61]
[5536.1514]
[6300.9595]
[5559.758]
[5831.677]
[6398.2637]
[5769.416]
[4478.349]
[6153.961]
[5624.2246]
[6529.3257]
[6703.729]
[3956.9812]
[4736.7124]
[5443.694]
[4420.044]
[6574.5674]
[5181.751]
[6353.922]
[6097.287]
[5947.6177]
[4481.799]
[4415.99]
[6712.6885]
[6319.133]
[5696.543]
[5490.983]
[6671.86]
[5218.949]
[4700.1333]
[5379.9575]
[5720.6934]
[5945.255]
[4715.7876]
[5183.5146]
[4341.6035]
[3749.171]
[6807.9146]
[6191.9814]
[4438.398]
[5408.]
[6182.8135]
[3891.335]
[6617.4033]
[6872.3735]
[5314.3286]
[5381.3145]
[6786.927]
[5894.923]
[6264.082]
[5204.3535]
[6322.1284]
[5004.8135]
[6539.9824]
[4265.7656]
[5790.742]
[6548.884]
[5873.0576]
[4545.6606]
[6190.84]
[4633.8]
[5669.6597]
[6065.213]
[5163.6025]
[5456.591]
[4490.164]
[4511.5156]
[4922.5103]
[5215.0625]
[6851.9844]
[4034.6711]
[6856.1924]
[6151.823]
[5292.374]
[5699.596]
[4935.297]
[5525.156]
[5059.072]
[6334.2656]
[5563.3506]
[5638.6406]
[6237.164]
[4911.001]
[5354.716]
[4557.6714]
[6220.5273]
[6963.7397]
[6204.616]
[6238.883]
[3696.9763]
[5264.948]
[4500.8916]
[6012.3496]
[4909.074]
[5086.7705]
[6540.4404]
[4791.0146]
[4918.225]
[4573.303]
[5156.32]
[5332.26]
[5727.7583]
[5647.6646]
[4653.2314]
[5338.5913]
[5565.7734]
[6521.769]
[4991.7183]
[5044.0757]
[5531.1836]
[6125.793]
[6386.29]
[6279.2617]
[5902.942]
[5508.8765]
[5575.459]
[6541.241]
[4918.652]
[5610.754]
[6349.764]
[6825.9785]
[4917.6685]
[6291.4844]
[6111.407]
[5771.453]
[6316.4893]
[6254.717]
[6280.3936]
[6217.496]
[4570.4087]
[6758.4907]
[5502.157]
[5855.9043]
[6779.14]
[6737.058]
[6507.4087]
[5009.6924]
[6453.285]
[5822.205]
[6595.845]
[6296.798]
[4457.176]
[4974.717]
[6451.4673]
[4432.3203]
[6775.5474]
[6036.1597]
[6087.8374]
[6568.51]
[6240.847]
[6637.284]
[5546.3823]
[5894.1904]
[4364.592]
[5490.5156]
[6727.724]
[5220.5054]
[6697.884]
[6476.624]
[5994.686]
[5779.6367]
[4098.197]
[4193.8696]
[6409.9844]
[4888.645]
[6645.5444]
[6451.1035]
[6057.743]
[5177.023]
[5848.1255]
[4359.3774]
[5545.5605]
[6215.0635]
[4823.7705]
[5300.584]
[6776.594]
[6019.332]
[5604.385]
[6746.559]
[3682.4744]
[6213.2114]
[6371.6943]
[4968.623]
[5961.0273]
[4259.666]
[6884.4067]
[6366.098]
[6914.558]
[5883.942]
[6064.9443]
[4048.5325]
[5744.9507]
[5935.4277]
[5683.4976]
[6505.9326]
[5922.2515]
[5930.776]
[5615.874]
[4044.5671]
[6214.248]
[6160.534]
[6067.714]
[6042.501]
[6681.9165]
[4768.3535]
[5012.0684]
[5333.909]
[6359.007]
[4114.512]
[6509.4087]
[6003.759]
[5722.1055]
[6238.8345]
[6535.7764]
[5560.0527]
[6422.1367]
[5913.7246]
[4945.923]
[5912.962]
[5963.9355]
[5829.194]
[5501.835]
[5746.038]
[5439.955]
[6148.8013]
[4388.231]
[5366.47]
[6923.637]
[5680.911]
[6261.4727]
[6375.4883]
[5156.308]
[4770.5146]
[4969.5063]
[3218.5671]
[6338.7803]
[5586.372]
[5493.1943]
[6935.456]
[6022.479]
[4976.9146]
[4701.826]
[3863.6235]
[4139.3643]
[5108.304]
[6517.2065]
[6710.399]
[6695.9175]
[4311.9336]
[6513.129]
[5533.4375]
[6290.7354]
[4566.488]
[5929.8657]
[4669.191]
[5979.3]
[3820.2317]
[4478.03]
[5911.417]
[5713.26]
[4836.8096]
[6328.3647]
[4856.356]
[4706.6807]
[5951.096]
[5768.9404]
[4230.536]
[4279.6055]
[4636.368]
[5613.7876]
[5681.878]
[6234.069]
[4973.2915]
[4499.206]
