4162.00
4314.00
4148.00
4153.00
4018.00
3714.00
3810.00
3478.00
3695.00
3683.00
3628.00
4111.00
3727.00
3749.00
3790.00
4104.00
4025.00
3593.00
3820.00
3911.00
3711.00
3624.00
3544.00
3942.00
3767.00
3775.00
4334.00
4059.00
4061.00
3682.00
3681.00
4329.00
4328.00
4178.00
4126.00
3899.00
3751.00
3572.00
3785.00
3933.00
3574.00
3876.00
3620.00
3999.00
4223.00
3672.00
3882.00
3292.00
3880.00
3945.00
4240.00
3843.00
3808.00
3132.00
3727.00
3607.00
4159.00
3588.00
3434.00
3226.00
4216.00
4035.00
3472.00
3784.00
3725.00
4317.00
4029.00
4368.00
3854.00
4230.00
4282.00
4151.00
3865.00
3911.00
3839.00
3469.00
3575.00
3754.00
3509.00
4160.00
3520.00
3528.00
3723.00
3506.00
3951.00
3726.00
3936.00
3647.00
3907.00
3937.00
3579.00
3997.00
3373.00
3808.00
3410.00
3454.00
4033.00
3741.00
3967.00
4417.00
3707.00
4168.00
3673.00
3862.00
3505.00
3969.00
3584.00
3981.00
4470.00
3833.00
4266.00
4033.00
4068.00
4188.00
3200.00
3496.00
3620.00
3351.00
3899.00
3720.00
3486.00
3660.00
4405.00
3922.00
4104.00
3854.00
4379.00
3313.00
3785.00
3673.00
4294.00
3973.00
4215.00
4099.00
3733.00
3717.00
4015.00
3890.00
4215.00
3183.00
4297.00
3834.00
4114.00
3771.00
3779.00
3687.00
4051.00
3559.00
3572.00
3631.00
4240.00
3652.00
4132.00
4324.00
4156.00
3783.00
3828.00
4133.00
4333.00
3945.00
4176.00
3935.00
3222.00
3710.00
3919.00
3577.00
3798.00
3646.00
3658.00
4214.00
3558.00
3317.00
3986.00
3525.00
3313.00
3564.00
3809.00
4119.00
4030.00
3809.00
3909.00
3585.00
3923.00
3735.00
3756.00
3204.00
3936.00
3804.00
4387.00
3839.00
3661.00
3626.00
3851.00
3929.00
3700.00
3457.00
3665.00
3787.00
3605.00
4163.00
4094.00
3331.00
4087.00
3913.00
3955.00
4135.00
3651.00
3828.00
3366.00
3318.00
4193.00
3541.00
3965.00
4352.00
4074.00
3482.00
4442.00
3811.00
4172.00
3617.00
3584.00
4356.00
3971.00
3929.00
4313.00
4114.00
4181.00
3788.00
3577.00
3681.00
3527.00
4033.00
3364.00
3700.00
3532.00
4347.00
4223.00
3835.00
3780.00
4162.00
3880.00
3991.00
3840.00
4417.00
3852.00
3313.00
4079.00
3030.00
3740.00
4090.00
3235.00
3887.00
3714.00
3873.00
4056.00
4179.00
4058.00
3895.00
3843.00
3812.00
3251.00
4133.00
4389.00
3603.00
3821.00
4365.00
3819.00
3463.00
3593.00
4009.00
3623.00
3802.00
3429.00
3479.00
3893.00
4419.00
4271.00
4222.00
3538.00
3991.00
4500.00
4087.00
4148.00
3756.00
3976.00
3885.00
4111.00
3546.00
3435.00
3666.00
3576.00
3759.00
3533.00
3801.00
3719.00
4156.00
3462.00
3654.00
3661.00
3970.00
3969.00
3609.00
3955.00
4193.00
3297.00
4604.00
3496.00
3888.00
3585.00
3368.00
4024.00
3840.00
3385.00
4074.00
3476.00
3765.00
3934.00
4218.00
3506.00
4084.00
3964.00
3310.00
3937.00
3693.00
3875.00
4267.00
3566.00
4068.00
3921.00
3740.00
3920.00
3789.00
3430.00
3811.00
3842.00
4078.00
3753.00
4249.00
4041.00
3615.00
4258.00
3741.00
4234.00
3676.00
4213.00
3720.00
4015.00
3664.00
3958.00
3416.00
3987.00
3976.00
3557.00
3869.00
3960.00
3137.00
3993.00
3626.00
3298.00
3925.00
3864.00
3718.00
3672.00
4024.00
3703.00
3981.00
3495.00
3845.00
4218.00
4035.00
3762.00
3450.00
3880.00
3830.00
3802.00
3554.00
3839.00
3162.00
3883.00
3758.00
3842.00
3580.00
4235.00
3731.00
3792.00
3946.00
3999.00
3991.00
3819.00
3522.00
4480.00
3858.00
3614.00
4067.00
3744.00
3556.00
3770.00
3856.00
4052.00
3895.00
3749.00
4020.00
4043.00
4228.00
4256.00
3822.00
3477.00
3941.00
3954.00
3679.00
4059.00
4109.00
4175.00
4042.00
4064.00
3486.00
3749.00
4187.00
3862.00
3796.00
3559.00
3684.00
3962.00
3729.00
4057.00
3422.00
3831.00
4026.00
3236.00
4194.00
3453.00
3758.00
3878.00
4193.00
4219.00
3819.00
4571.00
3988.00
3803.00
3688.00
3882.00
3902.00
4082.00
3957.00
4330.00
3305.00
4207.00
3895.00
4030.00
4115.00
3418.00
3718.00
3728.00
3588.00
3678.00
4001.00
4112.00
3768.00
3762.00
4079.00
3754.00
3471.00
3932.00
3661.00
3189.00
4145.00
3878.00
3703.00
3967.00
3916.00
3975.00
3978.00
4375.00
3902.00
3670.00
3966.00
4376.00
3536.00
3785.00
3959.00
3524.00
3682.00
3831.00
3259.00
3939.00
3612.00
3306.00
3492.00
3706.00
3883.00
3723.00
3732.00
3928.00
3817.00
4010.00
3966.00
4013.00
4295.00
3736.00
4205.00
4011.00
3666.00
3100.00
3868.00
3968.00
3816.00
3906.00
4021.00
3902.00
4134.00
3284.00
3729.00
4194.00
3478.00
3995.00
3946.00
3845.00
3564.00
3294.00
3849.00
3643.00
3195.00
4632.00
3770.00
3448.00
3542.00
3507.00
4118.00
4445.00
3903.00
4037.00
3543.00
3899.00
3442.00
3934.00
3949.00
3707.00
3570.00
4010.00
4292.00
3810.00
3689.00
3882.00
3814.00
3922.00
3904.00
3687.00
3577.00
3578.00
4231.00
3673.00
3947.00
3947.00
3828.00
3720.00
3942.00
3745.00
4672.00
3914.00
3636.00
3971.00
3733.00
3920.00
4067.00
4020.00
4349.00
3689.00
3531.00
3999.00
3946.00
4171.00
3485.00
3483.00
3824.00
3724.00
3754.00
3961.00
4007.00
3696.00
3628.00
3558.00
3659.00
3853.00
4256.00
4016.00
4138.00
4404.00
4007.00
4156.00
4328.00
3713.00
4010.00
4018.00
3551.00
3443.00
3815.00
3393.00
3606.00
3604.00
4217.00
3992.00
3601.00
3616.00
4091.00
3721.00
3657.00
3623.00
3758.00
4260.00
4079.00
3782.00
3557.00
3742.00
3912.00
3545.00
4069.00
4281.00
3279.00
4460.00
2947.00
4032.00
3376.00
3667.00
3621.00
3850.00
4280.00
4261.00
3581.00
4235.00
4097.00
3671.00
4178.00
3431.00
4261.00
4087.00
3123.00
3712.00
4021.00
3760.00
3753.00
3506.00
3881.00
4317.00
2631.00
3803.00
3414.00
3766.00
3829.00
4022.00
3614.00
4102.00
3464.00
3773.00
4107.00
3652.00
3917.00
4232.00
3960.00
4229.00
4431.00
3229.00
4131.00
4201.00
3881.00
3837.00
4185.00
4205.00
3954.00
3955.00
3336.00
3855.00
4102.00
3576.00
3901.00
3891.00
3830.00
4037.00
4056.00
3891.00
3208.00
3885.00
3910.00
3866.00
4060.00
3930.00
3405.00
3832.00
3954.00
3731.00
4048.00
3717.00
4144.00
4268.00
3505.00
3460.00
3439.00
4120.00
4046.00
3483.00
4173.00
2988.00
4059.00
3744.00
3785.00
3667.00
3708.00
3474.00
3513.00
3926.00
3480.00
4377.00
3977.00
3575.00
3955.00
3403.00
4389.00
4034.00
3564.00
4098.00
3612.00
3763.00
4406.00
3719.00
3885.00
3836.00
3993.00
3414.00
3762.00
4049.00
3497.00
3490.00
3254.00
3580.00
3997.00
3660.00
3727.00
4213.00
3417.00
3850.00
3665.00
3985.00
3823.00
3827.00
3896.00
4308.00
3550.00
4041.00
3664.00
3813.00
3642.00
3201.00
3242.00
4112.00
4070.00
4262.00
3671.00
3716.00
4027.00
3679.00
3493.00
3686.00
3831.00
3997.00
3584.00
3962.00
4251.00
3822.00
3511.00
3884.00
3663.00
3866.00
3473.00
3616.00
3998.00
3607.00
4538.00
3423.00
3360.00
3181.00
3506.00
3878.00
4043.00
3574.00
3433.00
3290.00
3861.00
3906.00
3620.00
4033.00
4309.00
4083.00
4029.00
3854.00
4268.00
3746.00
3739.00
4117.00
4382.00
3210.00
4086.00
3359.00
4027.00
3905.00
4129.00
3656.00
4387.00
3653.00
3607.00
3737.00
3544.00
3787.00
3504.00
3217.00
3861.00
3730.00
4021.00
4272.00
3862.00
3424.00
4269.00
4019.00
3994.00
3164.00
3709.00
4138.00
3430.00
4266.00
3791.00
4174.00
4237.00
3770.00
4413.00
3566.00
4320.00
3653.00
4027.00
3674.00
3648.00
4225.00
3271.00
4142.00
3950.00
3303.00
4115.00
2983.00
4471.00
4149.00
4113.00
3663.00
3831.00
3845.00
3655.00
3626.00
3829.00
3609.00
4088.00
3605.00
4093.00
3967.00
3859.00
3885.00
3742.00
3394.00
3422.00
3839.00
4005.00
3570.00
3478.00
3359.00
3879.00
3952.00
4154.00
3903.00
4067.00
3733.00
3473.00
3738.00
4187.00
4148.00
4335.00
4105.00
3598.00
3420.00
3381.00
3709.00
3784.00
3630.00
3925.00
4096.00
3436.00
4045.00
3837.00
3973.00
3847.00
3891.00
3887.00
3919.00
3483.00
4092.00
3960.00
3501.00
3276.00
3824.00
4025.00
3967.00
3676.00
3280.00
4303.00
3402.00
3787.00
3110.00
3780.00
3763.00
3630.00
3359.00
4331.00
3297.00
3963.00
3587.00
3724.00
3711.00
4018.00
3270.00
3721.00
3964.00
3563.00
3843.00
3909.00
3774.00
3598.00
3751.00
3809.00
4471.00
3840.00
3143.00
4029.00
4036.00
3937.00
4231.00
4077.00
3902.00
3849.00
3810.00
3872.00
4009.00
3563.00
3911.00
3818.00
3927.00
4032.00
4118.00
3920.00
3728.00
3869.00
4434.00
3819.00
3875.00
4033.00
4053.00
4101.00
3948.00
4089.00
4042.00
4528.00
4557.00
3606.00
4123.00
3859.00
3815.00
3563.00
4189.00
3937.00
3678.00
4033.00
3612.00
4201.00
3555.00
3951.00
3828.00
3688.00
4177.00
4041.00
3100.00
3345.00
3968.00
3896.00
4292.00
3405.00
3586.00
3745.00
4207.00
3471.00
3976.00
4023.00
3857.00
3543.00
3759.00
3974.00
3729.00
4015.00
5337.00
4904.00
4861.00
5517.00
5357.00
5431.00
5225.00
5433.00
4932.00
4987.00
4860.00
5324.00
4935.00
5188.00
5725.00
5663.00
5251.00
4712.00
5145.00
4960.00
5420.00
5158.00
4864.00
5498.00
5337.00
5086.00
4884.00
4825.00
4967.00
4925.00
5015.00
5244.00
5373.00
5254.00
4904.00
5249.00
5326.00
5171.00
5000.00
5229.00
5209.00
5198.00
5294.00
5286.00
4946.00
5121.00
5328.00
5177.00
5327.00
5503.00
5148.00
5205.00
4877.00
5301.00
5156.00
5537.00
5099.00
5220.00
5359.00
4867.00
5114.00
5050.00
4925.00
5450.00
5267.00
5492.00
5478.00
4970.00
4855.00
5391.00
4636.00
5528.00
5021.00
4812.00
5217.00
4584.00
4984.00
5094.00
5239.00
4985.00
5452.00
5421.00
5130.00
5240.00
5282.00
5220.00
5049.00
5372.00
5084.00
5303.00
5043.00
4652.00
5425.00
5032.00
4778.00
4808.00
5470.00
5353.00
4978.00
5407.00
5236.00
4990.00
5004.00
5505.00
5061.00
5328.00
5532.00
5095.00
5338.00
5351.00
5528.00
5391.00
4835.00
4945.00
4617.00
4854.00
4850.00
4842.00
5349.00
5143.00
5346.00
5566.00
5117.00
5146.00
5394.00
5065.00
5352.00
5436.00
5165.00
5232.00
5800.00
5619.00
5230.00
4909.00
5196.00
5246.00
5305.00
5489.00
5144.00
5123.00
4932.00
5183.00
4974.00
5240.00
5142.00
5269.00
4776.00
4686.00
5370.00
5577.00
5688.00
5798.00
5071.00
5015.00
5361.00
5169.00
5301.00
5022.00
5401.00
5071.00
5026.00
5162.00
5486.00
5100.00
5248.00
4730.00
4888.00
4750.00
4944.00
4909.00
5315.00
5224.00
5558.00
5294.00
5166.00
5035.00
5130.00
5474.00
4736.00
5341.00
5237.00
4910.00
5187.00
5151.00
5328.00
5086.00
4695.00
5318.00
5233.00
5000.00
4965.00
5556.00
5365.00
5112.00
5009.00
5039.00
4856.00
5373.00
5125.00
5057.00
4892.00
5100.00
5000.00
4830.00
5224.00
5574.00
5090.00
4736.00
5288.00
4907.00
5496.00
5090.00
5258.00
5186.00
5147.00
5517.00
4810.00
5627.00
5034.00
4999.00
4913.00
5411.00
5385.00
5156.00
4691.00
5604.00
4831.00
4863.00
4968.00
5063.00
5435.00
5341.00
5211.00
5188.00
5290.00
5380.00
5012.00
4774.00
5076.00
5398.00
4539.00
4953.00
5330.00
4636.00
5290.00
5433.00
5560.00
4905.00
5024.00
5486.00
5213.00
5630.00
5314.00
5075.00
5469.00
4697.00
4846.00
5496.00
4603.00
5497.00
5359.00
5278.00
5206.00
5468.00
5133.00
5075.00
5311.00
5425.00
4985.00
5067.00
5003.00
5252.00
5033.00
5540.00
4926.00
5084.00
5446.00
5415.00
5559.00
4913.00
5081.00
4835.00
4941.00
5092.00
4938.00
5462.00
4776.00
5553.00
4886.00
5585.00
5404.00
5304.00
5446.00
5132.00
5584.00
5413.00
5307.00
5554.00
5298.00
5471.00
4468.00
5417.00
4984.00
5115.00
5220.00
5033.00
5549.00
4875.00
5077.00
5357.00
5119.00
5026.00
5475.00
4972.00
5364.00
5137.00
5127.00
5453.00
5590.00
5183.00
5045.00
5181.00
4938.00
4932.00
4958.00
5264.00
5322.00
4971.00
5211.00
5268.00
5177.00
5025.00
4918.00
5333.00
5074.00
4681.00
4947.00
5300.00
5108.00
5318.00
4967.00
4899.00
5411.00
5214.00
5138.00
4988.00
5476.00
5316.00
5023.00
4862.00
5163.00
5305.00
4747.00
5364.00
5374.00
5177.00
5726.00
5639.00
5158.00
5216.00
5039.00
5261.00
4811.00
5331.00
5115.00
5219.00
4936.00
5094.00
5125.00
4979.00
5140.00
5289.00
4658.00
5049.00
5377.00
5231.00
5126.00
4934.00
4792.00
5322.00
5650.00
5285.00
4792.00
5250.00
5265.00
5289.00
5253.00
5236.00
5451.00
5559.00
5266.00
5705.00
5488.00
4681.00
4857.00
5251.00
5043.00
5309.00
5124.00
5187.00
4659.00
5195.00
4877.00
5090.00
5268.00
4984.00
5125.00
5147.00
5335.00
5623.00
4762.00
4793.00
5433.00
5353.00
5314.00
5292.00
5723.00
4999.00
4826.00
5192.00
5076.00
4734.00
5225.00
4343.00
4894.00
5219.00
4976.00
5216.00
5077.00
5581.00
4940.00
5445.00
5170.00
4992.00
4616.00
5421.00
5003.00
5497.00
5450.00
5252.00
4970.00
5178.00
5152.00
5371.00
4978.00
5284.00
5400.00
5138.00
5149.00
5195.00
5081.00
4666.00
5630.00
5431.00
5347.00
5040.00
5013.00
5336.00
5666.00
5320.00
5205.00
4998.00
5215.00
5113.00
5314.00
4725.00
5077.00
5000.00
5152.00
4893.00
4507.00
4923.00
5147.00
5077.00
4962.00
5297.00
5094.00
5284.00
4691.00
5139.00
5265.00
4688.00
4843.00
4913.00
5347.00
5040.00
4846.00
5118.00
5530.00
5439.00
5297.00
4805.00
5255.00
5208.00
5494.00
4866.00
5028.00
5254.00
5262.00
5340.00
5628.00
6156.00
5902.00
6157.00
6056.00
6465.00
6144.00
5911.00
6006.00
6207.00
6407.00
6138.00
6337.00
6356.00
6804.00
6183.00
6064.00
6160.00
6115.00
6364.00
6209.00
6192.00
6982.00
6397.00
6952.00
6615.00
6195.00
6417.00
7002.00
6073.00
5915.00
6223.00
6785.00
7627.00
6226.00
6419.00
6345.00
5524.00
6240.00
6678.00
7240.00
6072.00
6439.00
5742.00
6270.00
6235.00
6373.00
6324.00
6783.00
6625.00
5912.00
6032.00
6890.00
5906.00
6331.00
6841.00
6279.00
6583.00
6020.00
6163.00
5970.00
6107.00
6537.00
6246.00
5953.00
6143.00
6476.00
5947.00
6113.00
5872.00
5896.00
5819.00
6508.00
6233.00
6222.00
6134.00
6491.00
6215.00
6489.00
6275.00
6332.00
6050.00
6148.00
5773.00
6131.00
5788.00
6228.00
6039.00
6092.00
6246.00
6126.00
6060.00
5818.00
6659.00
6378.00
6634.00
6707.00
6420.00
6473.00
5798.00
6523.00
6080.00
5989.00
6513.00
6243.00
6254.00
5833.00
6246.00
5443.00
5835.00
5875.00
6127.00
5473.00
5902.00
5913.00
6027.00
6237.00
6345.00
6149.00
6015.00
6090.00
6448.00
5885.00
6388.00
6352.00
6160.00
5823.00
5957.00
6178.00
6316.00
5666.00
6177.00
6511.00
5943.00
6103.00
6248.00
7053.00
6416.00
6268.00
5970.00
6131.00
6190.00
6092.00
6363.00
6283.00
6073.00
5947.00
5753.00
5676.00
6365.00
5896.00
5781.00
5887.00
6493.00
6418.00
6145.00
6440.00
6080.00
6108.00
6233.00
6461.00
5929.00
6148.00
6256.00
6075.00
6239.00
5870.00
6458.00
6126.00
5854.00
6284.00
6447.00
6381.00
6405.00
6472.00
5974.00
5917.00
6104.00
6379.00
5815.00
6236.00
5946.00
6344.00
6087.00
5979.00
6074.00
5722.00
6097.00
5964.00
5951.00
5964.00
6260.00
5685.00
6105.00
6176.00
5880.00
6459.00
6563.00
6456.00
5948.00
6152.00
7496.00
6064.00
6110.00
6239.00
6246.00
6164.00
6073.00
6196.00
6192.00
6470.00
7121.00
5999.00
6270.00
6131.00
6004.00
6020.00
6400.00
5965.00
6650.00
6246.00
5880.00
6611.00
6171.00
5992.00
6497.00
6323.00
6507.00
6155.00
6725.00
7299.00
6146.00
6378.00
6478.00
5798.00
6469.00
6620.00
6011.00
6346.00
6153.00
6937.00
5890.00
6558.00
6769.00
6490.00
5844.00
5978.00
6124.00
6389.00
6237.00
6112.00
5628.00
5930.00
6473.00
6159.00
6602.00
6411.00
6317.00
6063.00
6672.00
6273.00
6123.00
5957.00
6174.00
6007.00
6035.00
6162.00
6025.00
6257.00
6185.00
6219.00
6227.00
6544.00
6109.00
5986.00
7103.00
6629.00
5652.00
6335.00
6083.00
6442.00
5871.00
6101.00
6248.00
6535.00
6058.00
6538.00
5790.00
6444.00
5810.00
6177.00
5749.00
6306.00
6200.00
6012.00
5850.00
6052.00
6286.00
5733.00
6520.00
6498.00
5985.00
5736.00
6657.00
6676.00
6123.00
6198.00
5713.00
6415.00
5990.00
6584.00
6284.00
6505.00
6255.00
5746.00
5866.00
6105.00
5929.00
6093.00
6232.00
6260.00
5785.00
6173.00
6477.00
6124.00
5743.00
5891.00
6302.00
6076.00
6366.00
5989.00
6321.00
5815.00
5803.00
6140.00
6277.00
6420.00
7135.00
5985.00
5926.00
6006.00
5500.00
6643.00
6259.00
6448.00
5643.00
6144.00
6038.00
6388.00
5920.00
6374.00
5951.00
6291.00
6549.00
6377.00
6264.00
6081.00
6204.00
6197.00
6424.00
6180.00
5998.00
6619.00
6118.00
6246.00
6701.00
6080.00
6110.00
6481.00
5957.00
6375.00
6273.00
6095.00
6708.00
6166.00
6232.00
6407.00
6114.00
6036.00
6384.00
6037.00
6115.00
6514.00
6229.00
6911.00
6238.00
6679.00
5702.00
6498.00
6503.00
6406.00
6678.00
6202.00
6059.00
6433.00
6158.00
5949.00
5724.00
6246.00
6525.00
6202.00
5698.00
5916.00
6294.00
6139.00
6570.00
6583.00
5827.00
6004.00
6358.00
6307.00
6517.00
6392.00
6012.00
6229.00
5914.00
6554.00
6131.00
5875.00
6522.00
6103.00
5843.00
5954.00
6100.00
6007.00
6080.00
5998.00
6289.00
6454.00
5777.00
6063.00
6132.00
5944.00
6420.00
6419.00
6125.00
6247.00
6637.00
5747.00
6314.00
6160.00
5801.00
6629.00
5975.00
6013.00
5880.00
6132.00
6451.00
6358.00
6151.00
6174.00
6136.00
6322.00
6169.00
6036.00
6391.00
6206.00
6503.00
6106.00
6018.00
6403.00
6306.00
5891.00
6493.00
5818.00
6467.00
5984.00
5907.00
5616.00
6220.00
6144.00
5990.00
6480.00
6007.00
5767.00
6407.00
6207.00
6444.00
6209.00
6297.00
5957.00
5834.00
6220.00
6224.00
6700.00
6167.00
5958.00
6149.00
6652.00
6007.00
6587.00
6284.00
6301.00
5948.00
6276.00
6010.00
6143.00
5996.00
6568.00
6017.00