20,503.9,243.18,0,1,4915,3847,692554.5,3290.339,7,4162.0,4162.0
20,585.195,260.581,0,0,5105,4462,755871.5,3323.438,9,4314.0,4314.0
20,597.047,262.185,0,0,4148,3839,773231.0,3366.595,9,4148.0,4148.0
20,585.858,254.576,0,0,4262,3822,736919.0,3284.106,10,4153.0,4153.0
20,554.558,255.04,0,0,4103,3429,685730.0,3205.063,8,4142.0,4142.0
20,513.526,264.168,0,1,3714,3207,578606.5,3024.509,11,3730.0,3730.0
20,512.674,226.121,0,0,4036,3556,623509.5,2953.094,10,3810.0,3810.0
20,523.489,238.722,0,0,3611,3144,542250.0,2849.031,10,3478.0,3478.0
20,472.289,228.247,0,0,4125,3449,541650.5,2869.017,8,3695.0,3695.0
20,564.647,256.896,0,0,3718,3260,667744.0,3033.962,10,3683.0,3683.0
20,448.163,223.904,0,2,3655,3106,530587.5,2748.499,11,3628.0,3628.0
20,525.168,237.316,0,1,4111,3558,678522.0,3189.905,8,4111.0,4111.0
20,566.0,257.408,0,0,3761,3287,585976.5,3042.598,10,3727.0,3727.0
20,497.179,253.623,0,1,3749,3125,653345.0,3126.25,8,3749.0,3749.0
20,523.805,234.279,0,0,3836,3452,639173.0,3078.222,8,3790.0,3790.0
20,516.479,235.615,0,1,4247,3642,702297.0,3175.987,8,4104.0,4104.0
20,564.279,261.138,0,1,4112,3607,679404.5,3184.046,12,4025.0,4025.0
20,532.984,251.131,0,0,3810,3033,602550.0,3042.742,10,3593.0,3593.0
20,552.584,249.002,0,1,3838,3435,684897.0,3185.225,9,3820.0,3820.0
20,573.532,267.322,0,0,3976,3304,698305.5,3282.4,8,3911.0,3911.0
20,503.5,234.578,0,1,3999,3315,599193.5,3062.439,10,3711.0,3711.0
20,482.4,227.662,0,1,3683,3310,563611.0,2953.945,7,3624.0,3624.0
20,497.858,221.4,0,0,3636,3236,499611.5,2763.116,11,3544.0,3544.0
20,539.032,253.445,0,0,3969,3553,648627.5,3116.363,8,3942.0,3942.0
20,540.989,254.3,0,1,3962,3393,574188.0,3026.818,9,3767.0,3767.0
20,526.542,242.931,0,0,4099,3397,604960.0,3007.895,9,3873.0,3873.0
20,564.226,254.23,0,0,4435,3906,778483.5,3358.115,8,4334.0,4334.0
20,545.174,254.047,0,1,4688,3814,716335.5,3242.331,9,4059.0,4059.0
20,521.532,234.2,0,0,4157,3629,626182.0,3102.836,7,4061.0,4061.0
20,552.274,270.726,0,0,4009,3321,602902.5,3228.877,8,4335.0,4335.0
20,458.084,212.033,0,1,3974,3406,526263.0,2699.018,10,3681.0,3681.0
20,547.595,252.077,0,1,4499,3738,780395.0,3360.833,8,4329.0,4329.0
20,575.163,262.819,0,0,4409,4143,773060.0,3459.111,7,4328.0,4328.0
20,533.695,251.357,0,0,4242,3886,676835.5,3191.109,9,4178.0,4178.0
20,568.374,264.475,0,0,4214,3657,732266.0,3293.581,9,4126.0,4126.0
20,535.816,248.261,0,0,4346,3850,638102.0,3076.113,10,3899.0,3899.0
20,447.095,223.911,0,2,3811,3454,568104.0,2925.628,8,3751.0,3751.0
20,483.637,234.047,0,1,3876,3167,589614.0,3001.064,7,3572.0,3572.0
20,579.995,267.875,0,0,3817,3374,699929.5,3243.548,9,3785.0,3785.0
20,547.379,255.916,0,0,4419,3400,696384.0,3331.093,7,3933.0,3933.0
20,490.421,222.73,0,0,3612,2987,537898.5,2778.005,10,3576.0,3576.0
20,507.774,225.876,0,1,3969,3324,631514.5,3021.591,8,3876.0,3876.0
20,517.005,257.57,0,0,3654,3036,559606.5,3016.539,9,3620.0,3620.0
20,530.6,251.474,0,1,4139,3505,701550.5,3202.623,9,3999.0,3999.0
20,539.837,257.93,0,0,4435,3498,646934.0,3244.309,7,4234.0,4234.0
20,555.016,251.74,0,0,3771,3479,668373.0,3098.797,8,3672.0,3672.0
20,514.132,253.553,0,0,4381,3517,622671.0,3113.299,8,3882.0,3882.0
20,449.589,209.315,0,0,3319,2911,472404.0,2646.001,9,3292.0,3292.0
20,551.268,253.691,0,0,4123,3379,640622.5,3089.743,9,3880.0,3880.0
20,548.584,247.43,0,0,3949,3518,708722.0,3190.313,10,3945.0,3945.0
20,546.637,261.149,0,0,4461,3671,748295.0,3299.998,10,4240.0,4240.0
20,535.489,245.185,0,0,4009,3359,631723.0,3054.609,9,3843.0,3843.0
20,552.105,250.773,0,0,3898,3300,670752.0,3088.576,8,3808.0,3808.0
20,375.674,190.69,0,1,3509,2956,394618.5,2507.028,8,3132.0,3132.0
20,464.605,231.246,0,1,3967,3260,530964.0,2954.124,8,3727.0,3727.0
20,496.305,238.571,0,0,4030,3438,492983.5,2745.417,9,3607.0,3607.0
20,537.647,250.51,0,0,4265,3779,644513.5,3131.578,9,4159.0,4159.0
20,541.637,248.065,0,0,3602,3174,568913.0,2917.401,11,3588.0,3588.0
20,459.816,220.917,0,0,3703,3184,500585.0,2702.187,9,3434.0,3434.0
20,489.711,241.113,0,0,3400,3086,477290.5,2815.665,9,3226.0,3226.0
20,541.589,246.188,0,1,4418,3985,705082.0,3201.822,10,4216.0,4216.0
20,583.063,310.599,0,1,4233,3511,654168.5,3226.725,11,4035.0,4035.0
20,543.405,240.264,0,0,3582,3104,564059.0,2987.191,10,3472.0,3472.0
20,518.521,230.22,0,0,3899,3305,585093.0,2893.442,11,3784.0,3784.0
20,523.605,246.004,0,0,3725,3404,573265.0,2948.729,9,4052.0,4052.0
20,553.458,270.671,0,0,4385,3845,722781.5,3272.582,10,4317.0,4317.0
20,533.268,239.481,0,0,4153,3554,654225.5,3117.991,9,4029.0,4029.0
20,584.942,260.634,0,0,4479,3836,803216.5,3456.286,9,4368.0,4368.0
20,490.695,239.027,0,1,4322,3743,591677.0,3069.48,8,3854.0,3854.0
20,561.747,261.328,0,0,4691,3936,734788.5,3391.265,8,4230.0,4230.0
20,540.958,252.839,0,1,5099,4198,792236.5,3496.241,8,4282.0,4282.0
20,555.811,240.83,0,0,4356,4014,729593.5,3192.393,10,4151.0,4151.0
20,479.426,225.701,0,2,4484,3648,598291.5,3039.861,8,3865.0,3865.0
20,498.642,238.468,0,0,4222,3731,632837.0,3048.946,9,4072.0,4072.0
20,528.237,253.613,0,1,3938,3586,619191.5,3097.925,8,3839.0,3839.0
20,439.647,208.414,0,1,3599,3154,490907.0,2807.248,7,3469.0,3469.0
20,500.926,223.912,0,1,3658,3315,596553.0,2930.965,8,3575.0,3575.0
20,475.789,215.199,0,0,4175,3487,538083.0,2868.289,8,3754.0,3754.0
20,519.842,227.556,0,0,3631,3133,545479.0,2793.718,11,3509.0,3509.0
20,534.153,254.916,0,1,4461,3638,671020.5,3168.482,11,4160.0,4160.0
20,550.932,247.419,0,0,3648,3120,623813.0,3038.639,9,3520.0,3520.0
20,562.542,253.238,0,0,3710,3155,593795.5,3009.103,10,3528.0,3528.0
20,491.826,228.673,0,2,3839,3265,630610.5,3066.823,9,3723.0,3723.0
20,465.4,220.365,0,0,3522,3185,517416.5,2727.845,11,3506.0,3506.0
20,620.311,302.571,0,0,4107,3558,775944.0,3372.62,10,3951.0,3951.0
20,534.947,241.928,0,0,3815,3523,628587.0,3019.09,10,3726.0,3726.0
20,562.821,265.275,0,0,3936,3441,682901.0,3241.784,10,3936.0,3936.0
20,504.784,231.616,0,0,3779,3073,582496.5,2918.053,9,3647.0,3647.0
20,501.105,224.596,0,0,4154,3477,629643.0,2971.828,9,3907.0,3907.0
20,579.447,268.502,0,1,4007,3210,753267.0,3323.884,8,3937.0,3937.0
20,538.205,304.019,0,1,3641,3081,592538.0,3121.835,7,3579.0,3579.0
20,553.195,246.954,0,0,4034,3544,686819.0,3238.098,9,3997.0,3997.0
20,542.395,242.031,0,0,3383,3012,578117.0,2893.876,9,3373.0,3373.0
20,531.9,245.32,0,0,3961,3214,622288.5,3020.16,11,3808.0,3808.0
20,503.495,262.654,0,0,3837,3054,485046.0,2890.743,8,3410.0,3410.0
20,505.332,235.536,0,0,4091,3307,544439.5,2919.159,8,3454.0,3454.0
20,526.474,235.685,0,0,4705,3810,647906.0,3108.381,8,4043.0,4043.0
20,532.142,235.642,0,0,3741,3403,647486.5,3059.539,8,3741.0,3741.0
20,507.095,238.584,0,1,4035,3652,660616.5,3045.775,9,3967.0,3967.0
20,538.384,250.552,0,0,5272,4510,789499.5,3447.872,7,4417.0,4417.0
20,540.574,255.938,0,0,3815,3426,593058.0,3045.387,8,3707.0,3707.0
20,518.747,250.143,0,0,4300,3652,715517.5,3255.429,7,4168.0,4168.0
20,548.963,247.831,0,0,3673,3389,636359.0,3030.982,10,3673.0,3673.0
20,548.1,271.506,0,0,3982,3346,676765.0,3205.08,8,3862.0,3862.0
20,432.789,198.967,0,1,3668,2923,486115.0,2660.365,8,3505.0,3505.0
20,539.805,254.291,0,1,4305,3405,643648.0,3143.794,9,3981.0,3981.0
20,547.447,253.157,0,0,3679,3299,622885.0,2951.536,10,3584.0,3584.0
20,581.995,272.439,0,0,4072,3664,751913.5,3452.953,6,3981.0,3981.0
20,597.537,266.355,0,0,4525,4069,808173.5,3415.991,9,4470.0,4470.0
20,431.8,227.285,0,2,4742,3511,509788.5,3039.741,8,3879.0,3879.0
20,577.295,272.259,0,1,4266,3906,780252.5,3441.416,9,4266.0,4266.0
20,479.158,232.058,0,2,4459,3696,612749.0,3046.93,9,4033.0,4033.0
20,603.8,276.826,0,0,4295,3416,729877.5,3276.547,10,4068.0,4068.0
20,585.579,275.864,0,0,4451,3674,780781.0,3335.875,9,4188.0,4188.0
20,505.989,234.657,0,0,3200,2691,481794.0,2720.172,10,3200.0,3200.0
20,465.832,219.555,0,0,3834,3087,517610.0,2805.862,8,3496.0,3496.0
20,523.553,239.45,0,0,3806,3231,568831.5,2970.939,9,3620.0,3620.0
20,496.058,231.182,0,0,3392,2961,552274.5,2768.7,10,3351.0,3351.0
20,528.242,244.537,0,1,4078,3511,627927.0,3146.671,7,3899.0,3899.0
20,488.447,217.999,0,0,3876,3474,587449.5,2899.337,9,3720.0,3720.0
20,475.942,236.578,0,0,3732,2970,513356.5,2815.851,9,3486.0,3486.0
20,531.305,248.699,0,0,3731,3421,627610.5,2955.778,9,3660.0,3660.0
20,529.289,233.632,0,0,4441,3993,713815.0,3208.849,8,4405.0,4405.0
20,509.132,283.28,0,1,3938,2992,690082.5,3280.098,8,3922.0,3922.0
20,493.632,231.175,0,1,4141,3480,631587.5,3068.515,9,4104.0,4104.0
20,532.095,248.987,0,1,4305,3477,645599.5,3114.235,8,3854.0,3854.0
20,594.026,266.033,0,0,4379,3963,857184.5,3588.077,7,4379.0,4379.0
20,476.258,247.707,0,0,3395,2741,470424.0,2704.302,8,3313.0,3313.0
20,527.626,243.991,0,1,3889,3137,644237.0,3083.744,9,3785.0,3785.0
20,481.279,219.395,0,0,4061,3340,553551.5,2886.965,8,3673.0,3673.0
20,512.811,262.932,0,0,4721,3695,690975.5,3276.523,7,4294.0,4294.0
20,472.589,247.101,0,2,4361,3512,658486.0,3163.095,7,3973.0,3973.0
20,539.979,245.87,0,0,4563,4253,721696.5,3195.352,8,4215.0,4215.0
20,521.079,244.332,0,1,4309,3856,681757.0,3174.378,7,4099.0,4099.0
20,561.226,255.781,0,0,3858,3416,638723.5,3117.647,9,3733.0,3733.0
20,537.426,248.136,0,0,3819,3359,663371.5,3141.79,9,3717.0,3717.0
20,544.468,246.431,0,0,4279,3779,686108.5,3231.719,8,4015.0,4015.0
20,562.242,259.589,0,0,3959,3571,630351.0,3179.224,9,3952.0,3952.0
20,499.574,227.604,0,1,4581,4181,631856.0,3041.141,10,4215.0,4215.0
20,415.447,179.874,0,0,3292,2922,406077.0,2420.632,9,3183.0,3183.0
20,563.642,263.606,0,0,4509,3922,833276.5,3519.308,9,4297.0,4297.0
20,514.711,223.333,0,0,3872,3427,600265.0,2874.565,10,3834.0,3834.0
20,553.958,240.751,0,0,4352,3754,683387.0,3109.561,10,4114.0,4114.0
20,506.284,232.174,0,0,4023,3673,573506.0,2873.805,9,3771.0,3771.0
20,502.821,245.094,0,1,4017,3524,618168.5,3051.557,7,3779.0,3779.0
20,466.389,244.104,0,2,3830,3257,535250.5,2879.015,8,3687.0,3687.0
20,522.053,231.422,0,0,4720,3994,666852.5,3069.883,9,4051.0,4051.0
20,508.816,244.486,0,0,3796,3170,531524.0,2849.829,9,3559.0,3559.0
20,481.779,234.188,0,0,4229,3518,567943.0,2919.777,9,3572.0,3572.0
20,499.316,226.831,0,0,3992,3374,549730.0,2810.016,8,3744.0,3744.0
20,517.716,237.758,0,1,4651,3934,662820.0,3327.665,6,4240.0,4240.0
20,500.2,232.68,0,0,3799,3419,567154.0,2961.528,7,3652.0,3652.0
20,561.505,269.266,0,0,4713,3818,708506.5,3210.288,10,4132.0,4132.0
20,535.642,243.568,0,0,4424,4114,725639.0,3198.636,8,4324.0,4324.0
20,603.279,271.305,0,0,4403,3893,811553.0,3527.898,9,4156.0,4156.0
20,464.558,221.008,0,2,3954,3518,565550.5,2946.296,8,3783.0,3783.0
20,537.589,293.001,0,1,3929,3025,683195.0,3289.542,7,3828.0,3828.0
20,529.958,254.925,0,0,4849,4029,695685.5,3238.568,7,4135.0,4135.0
20,531.632,238.422,0,0,4695,4239,655352.5,3088.151,10,4333.0,4333.0
20,529.868,261.077,0,0,4115,3599,657504.0,3228.359,8,3945.0,3945.0
20,546.826,243.588,0,0,4282,3697,694318.0,3244.69,7,4176.0,4176.0
20,523.926,241.347,0,0,4524,3770,667170.0,3238.066,7,3935.0,3935.0
20,402.7,183.558,0,0,3412,2975,421276.0,2522.321,8,3222.0,3222.0
20,457.189,218.336,0,2,4453,3488,553495.0,2901.39,7,4001.0,4001.0
20,556.6,272.22,0,2,4164,3379,682195.0,3287.152,8,3919.0,3919.0
20,511.047,237.48,0,0,3646,3197,597346.0,2863.81,10,3577.0,3577.0
20,523.732,258.439,0,1,4016,3373,605000.0,3055.283,9,4109.0,4109.0
20,505.537,226.024,0,0,3847,3228,573189.5,2905.774,11,3646.0,3646.0
20,497.963,226.233,0,0,4089,3479,579899.0,2991.628,9,3658.0,3658.0
20,523.732,262.999,0,2,4435,3854,745165.0,3361.086,8,4214.0,4214.0
20,525.516,227.86,0,0,3558,3187,604275.0,2969.503,7,3558.0,3558.0
20,550.747,254.409,0,0,3317,2745,592415.5,2987.429,9,3317.0,3317.0
20,518.916,233.306,0,1,4358,3584,629880.0,3176.65,9,3986.0,3986.0
20,534.611,258.73,0,1,3920,3008,564625.5,3120.355,10,3525.0,3525.0
20,529.884,260.008,0,0,3333,2846,527853.5,2794.31,11,3313.0,3313.0
20,536.242,256.61,0,2,3564,3072,557660.5,3060.899,7,3564.0,3564.0
20,487.368,232.305,0,1,4062,3327,585578.5,2945.397,9,3809.0,3809.0
20,535.863,232.988,0,1,4421,3892,651482.0,3137.178,9,4119.0,4119.0
20,563.147,247.237,0,0,4651,3986,693309.0,3126.686,9,4030.0,4030.0
20,486.853,209.174,0,0,3873,3445,571131.5,2862.514,7,3809.0,3809.0
20,549.242,246.937,0,0,4168,3711,656014.0,3109.138,8,3909.0,3909.0
20,533.932,265.843,0,0,3763,2988,536385.0,2943.279,9,3591.0,3591.0
20,557.789,254.42,0,0,3923,3517,662053.0,3104.351,9,3923.0,3923.0
20,505.305,220.623,1,0,3943,3492,602931.0,2922.048,9,3735.0,3735.0
20,552.426,238.075,0,0,3885,3501,667718.0,3054.574,9,3756.0,3756.0
20,433.558,201.344,0,0,3478,2818,454140.0,2573.472,8,3204.0,3204.0
20,533.368,244.573,0,0,4128,3433,621557.0,3051.771,10,3936.0,3936.0
20,499.753,236.349,0,0,4019,3696,600320.5,2974.127,9,3804.0,3804.0
20,541.805,264.629,0,2,4671,4083,767470.5,3426.834,9,4387.0,4387.0
20,546.205,262.341,0,0,4156,3407,641893.5,3203.599,7,3868.0,3868.0
20,486.942,231.09,0,1,4037,3351,555788.0,2896.655,8,3661.0,3661.0
20,511.521,233.885,0,0,3890,3358,563451.5,2841.033,9,3626.0,3626.0
20,526.495,239.249,0,0,4297,3718,608056.0,3014.856,9,3851.0,3851.0
20,542.263,254.231,0,1,4007,3448,703243.0,3178.32,10,3929.0,3929.0
20,523.411,244.357,0,0,3983,3256,559521.5,2995.98,8,3700.0,3700.0
20,486.016,231.979,0,0,3632,3155,463179.0,2823.563,8,3457.0,3457.0
20,567.121,268.461,0,0,3907,3202,628977.0,3068.745,11,3665.0,3665.0
20,521.4,240.725,0,0,3849,3249,649144.5,3087.755,9,3787.0,3787.0
20,487.484,237.983,0,1,3954,3472,562298.5,3034.475,8,3605.0,3605.0
20,564.632,258.234,0,0,4412,4064,716681.0,3157.353,11,4163.0,4163.0
20,524.153,238.78,0,0,4620,3850,676191.5,3070.482,10,4094.0,4094.0
20,545.526,248.853,0,0,3331,2972,557729.5,2879.529,11,3331.0,3331.0
20,600.179,272.966,0,0,4150,3674,758531.5,3355.69,8,4087.0,4087.0
20,631.589,279.283,0,0,3939,3420,748894.0,3309.757,9,3913.0,3913.0
20,495.053,223.067,0,0,4322,3512,626937.0,2997.303,9,3955.0,3955.0
20,554.616,240.432,0,0,4135,3684,708801.0,3254.521,7,4135.0,4135.0
20,500.247,235.698,0,0,4024,3437,611504.0,3087.092,7,3651.0,3651.0
20,499.342,262.187,0,1,4004,3609,660211.0,3259.214,7,3828.0,3828.0
20,488.637,236.141,0,2,3891,3185,556437.5,2836.523,9,3366.0,3366.0
20,431.958,216.061,0,1,3339,2941,405539.0,2538.985,9,3318.0,3318.0
20,572.895,245.441,0,0,4259,3751,721474.5,3174.673,10,4193.0,4193.0
20,497.458,236.31,0,0,3650,3037,570945.5,2851.16,9,3541.0,3541.0
20,560.595,255.282,0,0,3965,3377,734853.5,3216.104,10,3965.0,3965.0
20,514.463,248.89,0,2,4909,4278,779405.5,3487.61,6,4352.0,4352.0
20,579.6,289.87,0,0,4091,3335,735615.0,3399.418,10,4091.0,4091.0
20,495.079,235.115,0,0,3482,3072,509119.5,2755.515,10,3482.0,3482.0
20,564.779,278.017,0,2,4736,4177,754551.5,3462.706,7,4442.0,4442.0
20,566.042,272.733,0,0,3875,3416,661461.0,3130.985,9,3811.0,3811.0
20,558.174,270.153,0,1,4423,3786,735114.5,3229.7,11,4172.0,4172.0
20,455.447,218.759,0,1,3873,3403,492650.5,2843.853,10,3617.0,3617.0
20,540.616,249.256,0,0,3815,3452,624513.5,3027.737,9,3584.0,3584.0
20,555.216,262.045,0,0,4513,4102,749886.5,3298.707,10,4356.0,4356.0
20,535.389,238.256,0,0,4118,3854,643869.0,3021.806,10,3971.0,3971.0
20,564.126,263.981,0,0,3929,3650,683765.5,3136.029,11,3929.0,3929.0
20,574.458,273.882,0,0,4442,3829,801249.5,3451.789,9,4313.0,4313.0
20,581.653,288.791,0,1,4532,3582,701873.0,3357.578,7,4582.0,4582.0
20,579.026,269.774,0,0,4408,3910,782453.5,3396.943,8,4181.0,4181.0
20,517.584,233.588,0,0,3788,3294,568373.0,2878.266,11,3788.0,3788.0
20,516.179,228.415,0,0,3925,3440,564121.5,2800.89,11,3577.0,3577.0
20,490.158,222.051,0,1,3855,3302,539714.0,2892.137,8,3681.0,3681.0
20,521.711,250.45,0,0,3557,3145,626461.5,2956.474,10,3527.0,3527.0
20,563.0,244.996,0,0,4067,3665,660973.0,2996.846,12,4033.0,4033.0
20,505.332,244.262,0,0,4172,3335,523277.5,2847.166,8,3364.0,3364.0
20,499.021,232.639,0,1,3700,3343,561166.0,2947.365,9,3700.0,3700.0
20,519.763,244.861,0,0,3758,3403,587587.5,2937.721,8,3532.0,3532.0
20,515.853,255.606,0,1,4706,3902,734130.0,3330.533,7,4347.0,4347.0
20,558.479,250.442,0,0,4223,3841,791061.0,3387.196,9,4223.0,4223.0
20,493.911,235.331,0,1,4108,3462,596406.0,3001.412,8,3835.0,3835.0
20,563.205,253.285,0,1,3858,3299,707678.0,3238.203,9,3780.0,3780.0
20,567.942,267.005,0,0,4640,4054,719938.0,3248.872,10,4162.0,4162.0
20,528.647,254.401,0,1,4030,3548,580702.5,3023.911,8,3880.0,3880.0
20,532.847,251.585,0,0,4156,3771,653352.0,3083.236,10,3991.0,3991.0
20,488.479,244.121,0,1,4231,3371,629744.5,3161.144,7,3840.0,3840.0
20,572.189,262.855,0,0,4448,3811,751017.0,3428.652,8,4458.0,4458.0
20,570.832,270.473,0,0,4028,3370,702572.0,3303.899,8,3975.0,3975.0
20,447.947,200.08,0,1,3468,3056,460738.0,2666.303,7,3313.0,3313.0
20,485.184,240.157,0,1,4472,3797,659241.0,3110.818,9,4269.0,4269.0
20,464.205,206.781,0,0,3121,2784,422922.0,2588.08,10,3030.0,3030.0
20,523.895,244.655,0,0,3746,3296,591880.0,2953.694,10,3740.0,3740.0
20,493.616,239.461,0,1,4362,3838,648300.0,3026.411,9,4090.0,4090.0
20,476.232,216.328,0,0,3290,2779,510406.5,2762.334,10,3235.0,3235.0
20,515.4,232.573,0,1,3976,3606,658684.0,3184.491,7,3887.0,3887.0
20,491.279,222.006,0,1,3919,3455,555988.5,2871.883,10,3714.0,3714.0
20,523.105,240.919,0,0,3925,3614,655379.0,3054.642,8,3873.0,3873.0
20,571.026,259.28,0,0,4175,3572,716402.5,3211.193,11,4413.0,4413.0
20,534.289,243.898,0,1,4557,3925,721641.5,3256.33,8,4179.0,4179.0
20,569.168,269.37,0,0,4292,3511,699876.0,3352.729,7,4075.0,4075.0
20,441.621,216.046,0,3,4310,3424,575305.0,3010.26,8,3895.0,3895.0
20,533.3,240.315,0,0,3994,3495,627038.5,2974.277,12,3843.0,3843.0
20,517.221,240.599,0,0,4353,3374,640588.5,3097.519,7,3812.0,3812.0
20,470.4,205.646,0,0,4030,3464,467746.0,2574.706,10,3251.0,3251.0
20,544.311,249.051,0,0,4154,3706,717937.5,3224.563,9,4133.0,4133.0
20,558.805,248.571,0,0,4755,3954,765624.0,3449.549,7,4389.0,4389.0
20,438.889,201.099,0,1,3701,3426,523878.5,2781.06,8,3603.0,3603.0
20,509.411,235.043,0,0,3964,3257,608716.0,3010.777,9,3821.0,3821.0
20,585.216,263.447,0,0,4538,3935,808986.5,3421.035,8,4365.0,4365.0
20,504.679,229.876,0,1,3980,3249,603503.5,3072.143,8,3819.0,3819.0
20,543.121,239.755,0,0,3474,3100,593542.5,2900.725,9,3463.0,3463.0
20,483.289,210.93,0,1,3689,3349,551263.0,2852.755,10,3593.0,3593.0
20,561.405,258.372,0,0,4259,3732,653125.5,3192.441,10,4009.0,4009.0
20,538.042,264.258,0,1,3889,3198,639669.5,3133.458,7,3623.0,3623.0
20,480.311,236.488,0,1,3810,3419,653557.0,3090.9,7,3802.0,3802.0
20,505.679,226.894,0,0,3448,3165,485123.0,2697.462,10,3429.0,3429.0
20,543.616,243.73,0,0,3530,3191,602502.0,3023.87,8,3479.0,3479.0
20,469.326,226.497,0,2,3926,3531,609759.0,3051.727,8,3893.0,3893.0
20,552.158,270.827,0,2,4573,3854,816941.5,3544.833,9,4419.0,4419.0
20,590.021,268.596,0,0,4509,3793,790944.0,3555.254,6,4271.0,4271.0
20,551.858,280.807,0,1,4357,3745,793633.5,3442.57,9,4222.0,4222.0
20,541.705,238.44,0,0,3689,3200,633380.5,2995.984,9,3538.0,3538.0
20,513.189,230.509,0,0,4363,3888,662063.0,3101.075,7,3991.0,3991.0
20,549.958,251.587,0,1,4863,4011,801312.5,3465.546,7,4603.0,4603.0
20,596.289,271.17,0,0,4222,3545,733240.0,3367.488,8,4087.0,4087.0
20,524.295,253.597,0,0,4543,3842,672044.5,3176.354,9,4148.0,4148.0
20,492.174,267.881,0,1,4131,3254,532713.0,2965.063,9,3756.0,3756.0
20,540.663,241.278,0,0,4365,3803,661792.0,3085.908,9,3976.0,3976.0
20,499.989,245.165,0,0,4308,3621,582557.5,2993.17,8,3885.0,3885.0
20,578.2,273.961,0,0,4464,3500,723249.5,3241.051,8,4111.0,4111.0
20,548.826,254.332,0,0,3800,3017,560114.5,2942.771,9,3546.0,3546.0
20,519.174,232.802,0,0,3507,3106,607311.5,2981.415,8,3435.0,3435.0
20,528.8,230.031,0,0,3735,3200,616332.0,3042.011,7,3666.0,3666.0
20,575.847,249.738,0,0,3576,3206,657449.5,3065.639,12,3576.0,3576.0
20,503.068,229.274,0,1,3902,3422,579302.5,2976.381,8,3759.0,3759.0
20,450.116,211.07,0,1,3860,3199,468057.0,2796.254,6,3554.0,3554.0
20,491.042,239.134,0,2,4094,3494,608890.5,2945.691,9,3801.0,3801.0
20,512.553,239.685,0,0,3720,3229,618271.0,3063.498,7,3719.0,3719.0
20,494.0,224.96,0,0,4671,3919,637076.5,3070.861,7,4156.0,4156.0
20,526.574,249.839,0,0,3543,3079,521471.0,2879.088,7,3462.0,3462.0
20,475.705,233.629,0,1,4087,3557,563877.0,2883.584,9,3654.0,3654.0
20,515.237,228.769,0,0,3661,3249,592096.5,2944.324,10,3661.0,3661.0
20,545.026,253.001,0,0,3970,3676,669229.0,3214.384,6,3970.0,3970.0
20,465.463,231.991,0,2,4496,3331,636150.0,3167.529,6,3969.0,3969.0
20,511.763,226.508,0,0,3609,3130,627263.5,3081.994,7,3609.0,3609.0
20,542.705,249.398,0,0,4193,3470,621805.5,3006.124,10,3955.0,3955.0
20,589.189,256.842,0,0,4339,3824,750318.5,3404.957,8,4193.0,4193.0
20,460.937,220.02,0,0,3505,2939,442256.5,2551.307,10,3297.0,3297.0
20,542.195,267.4,0,2,4842,4085,818758.5,3564.113,7,4604.0,4604.0
20,521.132,248.664,0,0,3574,3033,511281.5,2794.74,12,3496.0,3496.0
20,543.442,248.856,0,0,4310,3711,653603.5,3138.65,10,3888.0,3888.0
20,482.142,231.848,0,1,3627,2970,547477.5,2888.441,8,3626.0,3626.0
20,482.321,237.044,0,0,3497,3061,514570.5,2771.364,10,3368.0,3368.0
20,549.8,283.371,0,1,4370,3498,746278.0,3416.056,7,4294.0,4294.0
20,491.874,225.905,0,1,3840,3336,612994.5,3009.385,9,3840.0,3840.0
20,535.132,245.869,0,0,3393,3018,564746.0,2873.528,11,3385.0,3385.0
20,505.047,237.486,0,1,4222,3657,640234.0,3079.849,9,4074.0,4074.0
20,479.132,240.731,0,0,3675,2904,515102.5,2824.111,9,3476.0,3476.0
20,530.926,232.477,0,0,3765,3422,609747.0,2944.284,9,3765.0,3765.0
20,502.732,237.431,0,0,4047,3526,637392.5,3124.046,7,3934.0,3934.0
20,593.663,262.878,0,0,4344,3823,783754.5,3425.178,10,4218.0,4218.0
20,545.184,238.679,0,0,3519,3121,593709.0,2924.481,9,3506.0,3506.0
20,555.974,253.674,0,0,4562,3730,706640.0,3329.45,7,4084.0,4084.0
20,523.816,231.226,0,0,4333,3672,673297.0,3109.578,8,3964.0,3964.0
20,456.168,213.966,0,0,3310,2948,506308.5,2748.29,8,3310.0,3310.0
20,523.879,242.496,0,1,4196,3633,624291.5,3103.043,9,3937.0,3937.0
20,467.9,216.133,0,0,4144,3695,562382.5,2824.681,8,3693.0,3693.0
20,478.368,219.793,0,0,4071,3681,627905.0,2959.376,9,3875.0,3875.0
20,541.984,258.79,0,0,4974,4058,739839.5,3306.457,9,4267.0,4267.0
20,447.105,216.663,0,1,4212,3522,521334.0,2772.498,7,3566.0,3566.0
20,541.626,252.619,0,1,4271,3581,736527.5,3350.813,8,4068.0,4068.0
20,558.758,256.218,0,0,4009,3519,684377.5,3293.49,8,3921.0,3921.0
20,454.847,239.312,0,1,3840,3098,544344.0,2904.523,9,3918.0,3918.0
20,540.332,248.046,0,0,4066,3496,682390.5,3197.496,9,3920.0,3920.0
20,475.816,225.508,0,0,3980,3374,565911.0,2821.431,9,3789.0,3789.0
20,496.905,221.8,0,0,3592,3198,547304.5,2802.468,8,3430.0,3430.0
20,528.126,232.731,0,0,3811,3396,656955.0,3095.832,10,3811.0,3811.0
20,529.337,251.736,0,0,4134,3336,631538.0,3083.11,10,3842.0,3842.0
20,512.905,241.266,0,1,4852,4061,627570.0,3126.044,9,4078.0,4078.0
20,529.663,231.105,0,0,4094,3716,636971.5,2999.872,8,3753.0,3753.0
20,525.353,243.598,0,0,4752,4039,689915.5,3114.674,10,4249.0,4249.0
20,546.547,250.258,0,1,4502,3557,664706.0,3217.383,8,4041.0,4041.0
20,427.747,206.707,0,2,4107,3622,490547.0,2734.806,7,3615.0,3615.0
20,558.974,265.513,0,0,4573,3854,737418.5,3310.878,9,4369.0,4369.0
20,493.895,242.313,0,1,4767,3688,623234.5,3004.563,8,3741.0,3741.0
20,571.811,277.549,0,2,4421,3686,778488.5,3424.373,7,4324.0,4324.0
20,516.826,227.959,0,0,3723,3406,634864.0,3010.408,9,3676.0,3676.0
20,547.268,263.811,0,1,4408,3740,786758.0,3358.287,8,4213.0,4213.0
20,471.289,216.558,0,0,4210,3580,558658.0,2871.298,7,3720.0,3720.0
20,564.953,247.234,0,0,4174,3681,698477.5,3168.315,9,4015.0,4015.0
20,486.442,227.49,0,0,3767,3231,572771.5,2932.606,9,3664.0,3664.0
20,583.121,294.29,0,0,4046,3543,670648.5,3222.754,9,3958.0,3958.0
20,563.937,267.264,0,1,3416,2985,627403.0,3118.828,11,3416.0,3416.0
20,573.005,268.398,0,0,4169,3510,715621.0,3230.184,9,3987.0,3987.0
20,499.858,249.669,0,0,4304,3538,612973.5,2974.582,10,3976.0,3976.0
20,507.216,229.06,0,0,3831,3088,583800.0,2944.661,8,3557.0,3557.0
20,576.411,273.622,0,0,3932,3456,630029.5,3155.375,10,3869.0,3869.0
20,523.921,253.117,0,1,4433,3390,597238.0,3129.54,8,3960.0,3960.0
20,454.258,212.053,0,0,3191,2896,450141.0,2658.923,9,3137.0,3137.0
20,525.326,252.794,0,0,4373,3693,626074.5,3193.838,7,3993.0,3993.0
20,538.016,246.704,0,0,3765,3276,645338.5,3104.778,8,3626.0,3626.0
20,439.479,196.951,0,0,3463,2971,442152.0,2583.851,9,3298.0,3298.0
20,590.895,309.12,0,0,4293,3666,680005.5,3244.09,7,4080.0,4080.0
20,518.658,245.706,0,1,3967,3492,593322.0,3068.507,9,3864.0,3864.0
20,490.142,217.767,0,1,3845,3187,574620.5,2928.549,9,3718.0,3718.0
20,472.158,218.736,0,1,3844,3270,523227.0,2841.621,10,3672.0,3672.0
20,553.426,251.725,0,0,4062,3646,662652.0,3123.16,8,4024.0,4024.0
20,557.884,246.404,0,0,3839,3223,675419.5,3059.409,11,3952.0,3952.0
20,512.526,237.128,0,1,4199,3622,653026.5,3147.595,7,3981.0,3981.0
20,484.742,234.122,0,1,3495,3043,554198.0,2868.431,10,3495.0,3495.0
20,545.926,245.898,0,1,4161,3793,614820.5,3168.353,9,3845.0,3845.0
20,546.047,260.252,0,0,4256,3563,723692.0,3275.077,8,4218.0,4218.0
20,570.684,278.421,0,0,4415,3815,660812.0,3204.584,8,4035.0,4035.0
20,519.453,256.006,0,1,4044,3214,581169.5,3042.859,9,4511.0,4511.0
20,550.079,246.705,0,0,3450,2974,651141.5,3008.308,9,3450.0,3450.0
20,480.947,225.831,0,1,4156,3781,572833.5,2946.643,8,3880.0,3880.0
20,481.121,222.782,0,2,4260,3426,580759.5,3003.48,9,3830.0,3830.0
20,525.342,250.19,0,1,4213,3441,675500.5,3092.897,10,3802.0,3802.0
20,534.721,259.908,0,1,3765,3092,600825.5,3031.643,10,3815.0,3815.0
20,512.753,233.3,0,0,4251,3281,609945.0,2986.989,9,3839.0,3839.0
20,429.526,222.077,0,1,3375,2906,412424.5,2511.259,8,3162.0,3162.0
20,522.295,234.1,0,0,3912,3287,647597.5,3101.525,7,3883.0,3883.0
20,495.668,224.582,0,0,3930,3425,584830.5,2909.951,9,3758.0,3758.0
20,447.826,211.231,0,1,4408,3614,553876.0,2897.056,8,3842.0,3842.0
20,517.984,249.771,0,0,3889,3272,549314.0,2936.072,8,3899.0,3899.0
20,527.879,232.244,0,1,4593,3783,696075.0,3218.711,8,4235.0,4235.0
20,503.179,224.851,0,0,3819,3118,587132.5,2881.042,9,3731.0,3731.0
20,512.1,264.665,0,1,4173,3445,537924.0,3028.895,11,3792.0,3792.0
20,551.837,272.611,0,1,4328,3478,663854.5,3316.989,7,3946.0,3946.0
20,529.079,264.259,0,1,4295,3637,680789.0,3141.824,10,3999.0,3999.0
20,498.532,226.189,0,0,4137,3599,590477.5,2951.669,8,4032.0,4032.0
20,475.305,233.123,0,1,4025,3502,616957.5,2947.037,10,3819.0,3819.0
20,565.216,255.912,0,0,3527,3001,654015.5,3032.962,8,3522.0,3522.0
20,560.784,250.829,0,1,4499,3874,766583.5,3409.737,9,4480.0,4480.0
20,532.616,236.427,0,0,4038,3634,643549.0,3067.639,8,3858.0,3858.0
20,502.637,243.142,0,0,3636,3381,576908.0,2905.413,8,3614.0,3614.0
20,544.468,247.643,0,1,4280,3672,670309.0,3183.967,10,4067.0,4067.0
20,541.284,272.933,0,0,3946,3074,647151.5,3098.75,10,3744.0,3744.0
20,484.247,226.272,0,0,3825,3279,558167.0,2875.936,9,3556.0,3556.0
20,523.753,253.395,0,0,4061,3393,598598.5,3061.832,9,3770.0,3770.0
20,503.732,242.886,0,1,4119,3404,545361.0,3097.94,8,3856.0,3856.0
20,555.726,253.121,0,0,4302,3636,722641.5,3307.576,7,4052.0,4052.0
20,550.889,251.613,0,0,3992,3568,673326.5,3139.416,10,3895.0,3895.0
20,563.721,267.451,0,1,3998,3227,594955.0,3189.955,7,3901.0,3901.0
20,550.6,246.198,0,0,4022,3603,688581.0,3176.133,8,4020.0,4020.0
20,566.095,266.241,0,0,4471,3851,665543.0,3267.451,8,4043.0,4043.0
20,592.932,268.396,0,0,4290,3865,755944.5,3317.906,9,4228.0,4228.0
20,540.363,238.391,1,0,4281,3755,709000.0,3148.417,11,4363.0,4363.0
20,502.942,228.348,0,0,3822,3447,576195.0,2903.836,9,3822.0,3822.0
20,466.484,214.308,0,1,3530,3132,512966.5,2714.871,10,3477.0,3477.0
20,482.937,241.486,0,3,4252,3528,643509.0,3217.778,7,3941.0,3941.0
20,469.326,231.8,0,2,4287,3616,605880.0,3087.863,7,3954.0,3954.0
20,440.058,204.41,0,2,4009,3428,492794.5,2746.449,10,3679.0,3679.0
20,594.853,260.437,0,0,4090,3451,738444.5,3296.865,10,4059.0,4059.0
20,514.389,237.771,0,0,4503,3943,694433.0,3070.755,10,4109.0,4109.0
20,595.842,290.999,0,0,4373,3557,768426.0,3377.19,11,4175.0,4175.0
20,547.847,251.569,0,1,5114,3970,716775.0,3410.678,5,4042.0,4042.0
20,496.4,219.348,0,0,4629,3825,628090.0,3016.632,8,4174.0,4174.0
20,485.721,229.563,0,0,3671,3147,526033.0,2774.851,10,3486.0,3486.0
20,551.168,255.45,0,0,3964,3511,650871.0,3066.984,9,3749.0,3749.0
20,565.847,273.378,0,0,4419,3651,737101.0,3314.941,8,4187.0,4187.0
20,574.374,265.003,0,0,4054,3462,716047.5,3250.926,9,3862.0,3862.0
20,513.063,243.097,0,1,4048,3345,618036.0,3105.813,8,3796.0,3796.0
20,513.247,256.541,0,0,3588,3092,616309.0,2959.223,10,3559.0,3559.0
20,533.089,241.917,0,0,3905,3394,572863.0,2845.024,11,3684.0,3684.0
20,522.774,237.317,0,0,4001,3636,691475.5,3113.479,10,3962.0,3962.0
20,481.195,233.758,0,0,4123,3312,582656.0,2947.003,7,3729.0,3729.0
20,563.258,270.534,0,0,4058,3339,734297.0,3390.007,7,4057.0,4057.0
20,515.805,241.173,0,0,3662,3015,549130.0,2849.79,8,3422.0,3422.0
20,558.721,259.514,0,0,4130,3402,664994.0,3190.112,8,4373.0,4373.0
20,535.058,232.91,0,0,4026,3714,676289.5,3154.463,9,4026.0,4026.0
20,470.905,230.563,0,0,3499,2896,439361.5,2567.726,9,3236.0,3236.0
20,576.126,266.841,0,1,4463,4096,763437.0,3323.393,10,4194.0,4194.0
20,547.505,252.168,0,0,3456,2925,626759.5,2976.579,11,3453.0,3453.0
20,476.511,220.942,0,1,3994,3419,546665.5,2954.285,7,3758.0,3758.0
20,540.911,255.519,0,0,4015,3309,700154.5,3230.711,8,3878.0,3878.0
20,537.863,244.872,0,1,4193,3493,709802.5,3209.286,10,4193.0,4193.0
20,433.821,236.175,0,3,4612,3740,640786.0,3286.865,5,4219.0,4219.0
20,520.795,230.234,0,0,4206,3643,618376.0,2984.124,10,3819.0,3819.0
20,613.495,275.285,0,0,5150,4555,854119.5,3544.399,8,4571.0,4571.0
20,554.663,253.564,0,0,4142,3492,682692.0,3166.528,9,3988.0,3988.0
20,491.411,232.938,0,0,4707,3589,616442.0,3023.137,7,3803.0,3803.0
20,585.142,270.95,0,0,3889,3405,665399.5,3114.589,10,3688.0,3688.0
20,555.084,246.266,0,0,3979,3593,669642.0,3164.861,9,3882.0,3882.0
20,542.395,252.276,0,0,4184,3516,649281.5,3149.927,8,3902.0,3902.0
20,551.142,259.955,0,0,4531,3851,715345.5,3300.984,8,4082.0,4082.0
20,523.642,249.977,0,1,4126,3455,662770.5,3152.499,9,3957.0,3957.0
20,483.532,238.164,0,2,5140,4251,704533.0,3351.75,6,4356.0,4356.0
20,469.121,233.774,0,0,3522,2815,454072.5,2696.769,9,3305.0,3305.0
20,583.542,256.55,0,0,4436,3895,762261.0,3418.291,7,4207.0,4207.0
20,475.463,211.216,0,0,4087,3654,556164.0,2890.89,7,3895.0,3895.0
20,570.211,268.98,0,0,4503,3930,699475.5,3199.684,10,4030.0,4030.0
20,521.889,244.982,0,1,4312,3807,654910.0,3111.994,8,4115.0,4115.0
20,486.953,225.4,0,0,3621,3370,493008.5,2745.884,8,3418.0,3418.0
20,522.353,238.511,0,0,3863,3468,579618.0,3049.368,8,3718.0,3718.0
20,490.7,269.123,0,1,3899,3206,643654.5,3062.973,9,3728.0,3728.0
20,472.753,210.256,0,0,3993,3263,509369.0,2746.375,9,3588.0,3588.0
20,481.089,214.413,0,0,4032,3408,548654.5,2781.636,10,3678.0,3678.0
20,568.042,258.67,0,0,4041,3549,701621.0,3346.83,7,4001.0,4001.0
20,499.947,252.212,0,3,4468,3632,680854.0,3172.76,9,4112.0,4112.0
20,480.595,225.451,0,0,3936,3428,561855.0,2799.0,11,3768.0,3768.0
20,496.326,227.597,0,1,3921,3406,578682.5,2993.319,8,3762.0,3762.0
20,586.879,264.615,0,0,4121,3390,711496.5,3295.604,8,4079.0,4079.0
20,556.842,263.289,0,1,3769,3272,658438.0,3217.491,9,3754.0,3754.0
20,492.942,232.651,0,1,3666,2925,536394.0,2902.932,7,3850.0,3850.0
20,516.026,236.474,0,0,4269,3651,580610.0,2927.995,10,3932.0,3932.0
20,523.547,233.737,0,0,3717,3358,587545.0,2913.201,10,3661.0,3661.0
20,418.884,208.194,0,2,3310,2673,393869.5,2507.297,9,3189.0,3189.0
20,514.421,225.521,0,0,4819,3987,653541.0,3068.888,8,4145.0,4145.0
20,567.358,258.336,0,0,3916,3287,706176.5,3168.335,10,3878.0,3878.0
20,505.747,232.956,0,0,4138,3628,544979.0,2769.685,11,3703.0,3703.0
20,473.942,217.783,0,1,4689,3687,599169.5,2969.693,8,3967.0,3967.0
20,478.958,219.177,0,2,4609,3848,624166.5,2984.404,8,3916.0,3916.0
20,568.847,257.247,0,0,4251,3366,666341.0,3162.831,9,3975.0,3975.0
20,543.779,257.092,0,0,4199,3612,664999.5,3120.452,9,3978.0,3978.0
20,582.6,260.536,0,0,4631,3769,822525.5,3515.121,8,4375.0,4375.0
20,448.589,233.372,0,2,3907,3284,578402.0,3143.664,6,3902.0,3902.0
20,476.089,222.246,0,1,3792,3074,510453.0,2844.891,9,3670.0,3670.0
20,522.711,229.349,0,0,4158,3745,615883.0,2991.258,8,3966.0,3966.0
20,554.2,260.441,0,0,4713,4033,772079.5,3441.836,8,4376.0,4376.0
20,441.621,217.641,0,0,4031,3279,460175.0,2654.531,8,3536.0,3536.0
20,526.621,238.397,0,0,3813,3459,640667.5,3028.797,11,3785.0,3785.0
20,555.163,240.69,0,0,4060,3683,690677.5,3100.184,10,3959.0,3959.0
20,449.237,228.851,0,2,3711,3106,544180.5,2848.477,9,3524.0,3524.0
20,500.705,239.218,0,0,3945,3435,577201.5,3083.688,6,3682.0,3682.0
20,529.516,243.573,0,0,4022,3374,647945.5,3111.374,8,4142.0,4142.0
20,462.811,217.856,0,0,3473,2809,494824.5,2725.945,9,3259.0,3259.0
20,567.074,258.614,0,0,3939,3512,710367.5,3150.514,11,3939.0,3939.0
20,489.258,238.436,0,0,3964,3147,520026.0,2892.165,10,3612.0,3612.0
20,480.347,227.216,0,0,3460,2930,504199.0,2776.016,10,3306.0,3306.0
20,469.595,209.543,0,0,3508,3154,535516.0,2742.552,8,3492.0,3492.0
20,516.468,243.15,0,0,4066,3411,577691.5,3071.774,6,3706.0,3706.0
20,494.784,234.203,0,2,4007,3458,622276.0,3129.698,7,3883.0,3883.0
20,503.2,241.166,0,0,3982,3488,554036.0,2834.349,10,3723.0,3723.0
20,477.747,213.363,0,1,4120,3254,561132.0,2880.814,8,3732.0,3732.0
20,525.332,255.932,0,0,4009,3490,658835.0,3162.109,8,3928.0,3928.0
20,517.447,239.833,0,0,3882,3414,621869.5,2998.692,11,3817.0,3817.0
20,538.837,238.306,0,1,4221,3671,653719.0,3188.596,10,4010.0,4010.0
20,567.605,245.87,0,0,4058,3632,677727.5,3202.597,8,3966.0,3966.0
20,541.647,251.388,0,0,4170,3523,657328.5,3128.213,10,4013.0,4013.0
20,602.105,258.355,0,0,4517,3764,787288.0,3333.268,9,4295.0,4295.0
20,569.553,264.252,0,0,3849,3282,671005.0,3174.576,8,3736.0,3736.0
20,533.484,251.39,0,1,4354,3664,680216.0,3236.117,8,4205.0,4205.0
20,546.942,246.093,0,0,4018,3628,743131.5,3340.635,7,4011.0,4011.0
20,560.537,249.706,0,0,3734,3347,600675.5,2971.85,11,3666.0,3666.0
20,464.079,207.059,0,0,3108,2709,438476.5,2509.013,11,3100.0,3100.0
20,560.195,244.851,0,0,3868,3491,668495.5,3118.663,10,3868.0,3868.0
20,506.568,235.858,0,0,4532,3474,655413.5,3071.031,9,3968.0,3968.0
20,565.289,256.007,0,0,3816,3311,653827.0,3117.164,8,3816.0,3816.0
20,559.711,240.376,0,0,4325,3670,678794.0,3049.106,12,3906.0,3906.0
20,515.405,255.326,0,1,4159,3426,658090.5,3108.339,7,4021.0,4021.0
20,593.526,280.101,0,0,4205,3433,646720.0,3270.072,9,3902.0,3902.0
20,502.363,234.0,0,2,4684,4243,635427.5,3192.246,6,4134.0,4134.0
20,486.763,227.862,0,0,3405,2938,525628.0,2777.461,9,3284.0,3284.0
20,504.247,232.876,0,1,3889,3285,617722.0,3012.339,8,3729.0,3729.0
20,503.868,250.195,0,1,4479,3771,638700.5,3119.081,9,4194.0,4194.0
20,469.126,238.558,0,1,3641,3171,475212.0,2754.234,11,3478.0,3478.0
20,537.958,243.767,0,1,4569,3665,681963.5,3221.641,9,3995.0,3995.0
20,573.126,271.506,0,0,4040,3406,648312.5,3317.136,6,3946.0,3946.0
20,504.426,239.376,0,1,4140,3384,602831.0,3018.0,8,3883.0,3883.0
20,503.6,232.573,0,0,3837,3228,548031.0,2908.099,7,3737.0,3737.0
20,413.768,203.008,0,0,3630,3028,432686.0,2472.705,9,3294.0,3294.0
20,472.784,230.561,0,1,4176,3536,560298.0,2963.76,8,3849.0,3849.0
20,474.779,233.321,0,0,3820,3010,554416.5,2990.264,7,3906.0,3906.0
20,500.726,271.49,0,1,3245,2845,432410.5,2784.696,8,3195.0,3195.0
20,593.168,270.962,0,0,4845,3934,778873.0,3485.638,8,4632.0,4632.0
20,475.058,239.657,0,1,3921,3299,631495.0,3086.423,8,3770.0,3770.0
20,536.505,273.749,0,0,3448,3172,561929.5,2963.052,10,3448.0,3448.0
20,487.911,222.224,0,0,3637,3246,524545.0,2750.448,11,3542.0,3542.0
20,478.437,224.896,0,0,4256,3404,455351.5,2722.565,9,3507.0,3507.0
20,517.984,226.677,0,0,4154,3817,641215.0,3066.199,9,4118.0,4118.0
20,632.963,281.391,0,0,4788,4008,862980.5,3569.02,10,4445.0,4445.0
20,604.579,278.239,0,0,3903,3423,751231.0,3289.332,10,3903.0,3903.0
20,544.126,254.43,0,0,4079,3667,666855.5,3137.497,8,4037.0,4037.0
20,502.368,239.487,0,0,3807,3284,607418.5,2966.251,9,3543.0,3543.0
20,505.695,227.19,0,1,4186,3583,604706.0,2960.752,11,3899.0,3899.0
20,476.711,227.162,0,0,3743,3199,497021.5,2676.705,9,3500.0,3500.0
20,537.279,247.333,0,0,4145,3478,599225.0,3037.278,9,3934.0,3934.0
20,511.153,249.407,0,2,4051,3617,681491.5,3108.559,9,3949.0,3949.0
20,511.595,235.912,0,1,4270,3401,615930.5,3087.36,7,3707.0,3707.0
20,450.853,218.612,0,1,4003,3558,523956.5,2839.123,7,3570.0,3570.0
20,528.189,235.295,0,0,4380,3773,636065.5,3115.748,9,4034.0,4034.0
20,564.237,250.886,0,0,4551,3741,753390.5,3350.17,8,4759.0,4759.0
20,458.316,221.636,0,2,4242,3690,582878.0,3012.844,7,3810.0,3810.0
20,509.174,254.818,0,1,3813,3411,594400.0,3018.907,10,3689.0,3689.0
20,491.732,237.021,0,0,4020,3621,604655.0,3036.15,8,3882.0,3882.0
20,510.389,251.026,0,2,3936,3252,648478.0,3141.84,8,3814.0,3814.0
20,494.832,239.112,0,2,4134,3599,576425.5,3006.75,9,3922.0,3922.0
20,536.542,255.324,0,1,3977,3515,668668.0,3155.73,9,3904.0,3904.0
20,477.195,235.174,0,1,3986,3307,553960.5,2971.156,8,3687.0,3687.0
20,456.705,216.383,0,0,3612,3199,488942.0,2685.033,11,3577.0,3577.0
20,535.884,252.965,0,0,3712,3182,627300.5,3096.764,9,3578.0,3578.0
20,563.716,263.509,0,1,4436,3686,738591.5,3259.697,10,4231.0,4231.0
20,482.947,250.713,0,0,3824,3325,561326.5,2916.102,8,3673.0,3673.0
20,530.495,255.449,0,0,4049,3503,662490.0,3165.142,8,3947.0,3947.0
20,514.916,236.518,0,1,4256,3621,642793.0,3168.598,8,3947.0,3947.0
20,527.442,262.296,0,2,4000,3444,673551.0,3174.961,9,3828.0,3828.0
20,488.732,223.396,0,0,4091,3602,594874.0,2964.766,7,3720.0,3720.0
20,500.153,232.974,0,1,4056,3669,641032.5,3106.733,8,3942.0,3942.0
20,506.889,238.69,0,1,3851,3255,603570.0,2923.445,9,3745.0,3745.0
20,571.663,255.394,1,0,4697,4256,817245.5,3547.441,7,4672.0,4672.0
20,497.732,229.584,0,0,3930,3389,621866.5,3035.162,9,3914.0,3914.0
20,515.689,240.952,0,0,4020,3305,560569.0,2933.054,10,3636.0,3636.0
20,567.879,250.046,0,0,4271,3768,692370.0,3249.952,8,3971.0,3971.0
20,511.032,233.312,0,0,3823,3385,575989.5,2915.459,9,3733.0,3733.0
20,547.611,292.122,0,0,4124,3644,616011.0,3253.198,9,3920.0,3920.0
20,507.289,231.944,0,1,4613,3946,600030.5,3001.516,8,4067.0,4067.0
20,524.158,242.285,0,0,4255,3800,664539.0,3283.567,5,4020.0,4020.0
20,514.079,235.365,0,1,4595,4049,712061.0,3235.897,8,4394.0,4394.0
20,544.716,238.371,0,0,3854,3423,647940.0,3121.839,8,3689.0,3689.0
20,544.021,260.672,0,0,3669,2826,589473.5,2938.482,11,3531.0,3531.0
20,522.742,224.71,0,0,4158,3604,632355.5,2987.598,8,3999.0,3999.0
20,537.1,263.272,0,0,4745,3661,626802.5,3176.788,8,3946.0,3946.0
20,557.484,264.161,0,0,4841,4019,732840.0,3306.466,9,4171.0,4171.0
20,543.332,255.688,0,0,3485,2955,586379.5,2974.626,9,3654.0,3654.0
20,511.242,266.624,0,0,3524,3167,519724.5,2967.564,10,3483.0,3483.0
20,495.6,235.595,0,2,3896,3473,553593.0,2936.159,10,3824.0,3824.0
20,479.747,212.319,0,0,3838,3450,537509.0,2780.268,10,3724.0,3724.0
20,543.247,248.239,0,0,3824,3413,624193.0,3082.145,8,3754.0,3754.0
20,508.984,221.825,0,0,4287,3792,584972.5,2951.508,10,3961.0,3961.0
20,493.732,247.903,0,2,4082,3128,646884.5,3226.125,7,4007.0,4007.0
20,503.095,238.999,0,1,3889,2963,524899.0,2978.443,10,3743.0,3743.0
20,487.274,247.94,0,0,4188,3424,572618.0,2946.432,8,3628.0,3628.0
20,543.911,240.251,0,0,3753,3327,617275.0,3020.542,7,3558.0,3558.0
20,500.437,223.173,0,0,3701,3314,582850.0,2901.898,9,3659.0,3659.0
20,569.384,268.449,0,0,3853,3411,708383.5,3201.63,9,3853.0,3853.0
20,597.889,268.551,0,0,4763,3937,770768.5,3405.553,7,4256.0,4256.0
20,495.921,246.038,0,1,4153,3753,626458.0,3102.002,8,4016.0,4016.0
20,571.884,262.035,0,0,4292,3599,716958.0,3268.814,11,4138.0,4138.0
20,502.342,235.183,0,3,4846,4183,717760.5,3245.389,7,4404.0,4404.0
20,565.716,270.71,0,1,4258,3925,698657.5,3254.623,9,4007.0,4007.0
20,516.595,244.821,0,0,4397,3851,634868.0,3134.408,10,4156.0,4156.0
20,559.484,253.559,0,1,4658,3893,741075.5,3307.185,9,4328.0,4328.0
20,540.605,246.567,0,0,3735,3383,571490.5,3047.339,9,3713.0,3713.0
20,572.5,253.224,0,0,4010,3503,696466.0,3225.534,10,4010.0,4010.0
20,515.779,241.674,0,1,4069,3599,678931.0,3126.269,9,4018.0,4018.0
20,470.437,220.708,0,1,3751,3134,518240.5,2774.949,9,3551.0,3551.0
20,529.226,272.372,0,0,3667,3018,498877.0,2909.855,10,3443.0,3443.0
20,576.2,256.78,0,0,4100,3432,667221.5,3227.43,8,3815.0,3815.0
20,525.363,232.942,0,0,3393,3010,554805.5,2916.537,10,3393.0,3393.0
20,465.474,226.179,0,1,4275,3373,535640.0,2986.168,8,3606.0,3606.0
20,476.721,224.588,0,0,4106,3477,546519.5,2932.237,9,3604.0,3604.0
20,590.342,264.876,0,0,4217,3892,794415.0,3429.729,8,4217.0,4217.0
20,524.758,277.068,0,1,4284,3435,712672.0,3298.68,8,3992.0,3992.0
20,483.105,241.305,0,0,3688,3242,501830.0,2740.854,9,3638.0,3638.0
20,525.147,239.794,0,0,3705,3327,593860.0,2952.152,9,3616.0,3616.0
20,498.905,225.935,0,0,4483,3983,632567.5,3132.155,7,4091.0,4091.0
20,479.484,231.408,0,2,4181,3310,554528.5,2872.274,8,3721.0,3721.0
20,545.942,259.545,0,0,4312,3653,670778.0,3129.4,9,3657.0,3657.0
20,430.232,233.539,0,2,4126,3188,556822.5,2925.412,8,3623.0,3623.0
20,464.563,209.722,0,0,4496,3591,556188.0,2865.548,8,3758.0,3758.0
20,571.105,263.631,0,0,4260,3696,773688.0,3276.07,11,4260.0,4260.0
20,547.763,244.897,0,0,4296,3858,687247.0,3214.592,10,4079.0,4079.0
20,567.953,252.286,0,0,3863,3474,647703.0,3062.249,10,3782.0,3782.0
20,505.674,237.624,0,0,3655,2986,569522.0,2913.985,9,3948.0,3948.0
20,496.6,230.51,0,1,4249,3799,617345.5,3064.229,8,3742.0,3742.0
20,541.479,247.354,0,1,4125,3475,657845.5,3083.226,10,3912.0,3912.0
20,485.137,220.649,0,0,3622,3285,541727.5,2783.423,8,3545.0,3545.0
20,578.3,270.069,0,0,4943,3912,763607.0,3398.311,8,4069.0,4069.0
20,499.753,230.375,0,1,4349,3816,697432.0,3202.395,9,4281.0,4281.0
20,518.063,243.048,0,0,3381,3031,577850.5,2917.782,9,3279.0,3279.0
20,595.684,256.887,0,0,4745,3867,805906.0,3351.857,11,4460.0,4460.0
20,461.142,216.992,0,0,2947,2526,458847.5,2579.096,10,2947.0,2947.0
20,548.663,259.534,0,0,4152,3926,694078.0,3256.049,10,4032.0,4032.0
20,508.968,228.806,0,0,3509,2840,566573.5,2963.511,7,3376.0,3376.0
20,483.226,235.38,0,0,3781,3145,528542.0,2925.275,9,3667.0,3667.0
20,500.511,232.285,0,0,3633,3210,591648.0,2910.501,8,3621.0,3621.0
20,517.884,233.558,0,0,4071,3550,604370.0,3003.853,8,3850.0,3850.0
20,567.542,263.68,0,0,4501,3898,779009.0,3325.37,11,4280.0,4280.0
20,530.153,236.669,0,0,4481,3792,682207.0,3121.237,10,4261.0,4261.0
20,485.311,223.777,0,1,3851,3345,547930.0,2834.346,9,3581.0,3581.0
20,601.726,280.401,0,0,4385,3836,747484.0,3274.352,11,4235.0,4235.0
20,567.105,271.555,0,0,4343,3684,691397.5,3281.94,8,4205.0,4205.0
20,487.979,239.572,0,0,3829,3235,574236.0,2915.542,10,3671.0,3671.0
20,536.211,236.576,0,0,4343,3904,655008.5,3129.096,8,4178.0,4178.0
20,501.668,228.788,0,1,3431,3044,533057.5,2999.229,9,3431.0,3431.0
20,551.095,263.5,0,0,5088,4377,756904.0,3419.115,8,4261.0,4261.0
20,562.284,245.536,0,0,4368,4009,679226.5,3112.701,10,4087.0,4087.0
20,472.416,210.14,0,0,3249,2835,449753.0,2569.737,12,3123.0,3123.0
20,491.016,214.559,0,0,3983,3602,566502.5,2878.57,10,3712.0,3712.0
20,531.926,239.691,0,0,4168,3602,661830.5,3155.843,8,4021.0,4021.0
20,547.674,253.866,0,0,4225,3820,656385.5,3037.762,8,3760.0,3760.0
20,505.168,258.848,0,1,3900,3246,586789.0,3093.708,7,3753.0,3753.0
20,539.642,265.05,0,0,3543,2949,613830.5,3066.185,7,3506.0,3506.0
20,515.042,246.724,0,0,3902,3154,654933.0,3256.376,6,3881.0,3881.0
20,530.674,253.967,0,1,4546,3939,720555.0,3262.69,10,4317.0,4317.0
20,410.568,214.428,0,1,2985,2269,318433.0,2306.638,10,2631.0,2631.0
20,562.979,259.327,0,0,4189,3461,705184.5,3255.316,9,3803.0,3803.0
20,517.768,246.671,0,1,3414,3016,578315.0,2958.391,7,3414.0,3414.0
20,491.647,226.3,0,1,4533,3677,590543.0,3003.356,9,3766.0,3766.0
20,544.968,272.799,0,1,3829,3548,683396.0,3175.3,10,3829.0,3829.0
20,587.489,260.549,0,0,4220,3371,710465.0,3201.721,11,4022.0,4022.0
20,473.974,222.957,0,0,3616,3258,525723.0,2911.144,7,3614.0,3614.0
20,564.995,255.63,0,1,4478,3653,781916.0,3460.659,7,4102.0,4102.0
20,464.6,210.739,0,1,3711,3261,478950.0,2752.81,7,3464.0,3464.0
20,553.405,255.007,0,0,3817,3261,652740.5,3256.977,8,3773.0,3773.0
20,478.258,224.307,0,2,4311,3780,610078.0,3017.515,8,4107.0,4107.0
20,516.858,228.445,0,0,3702,3291,587461.5,2890.623,11,3652.0,3652.0
20,489.7,221.811,0,1,4008,3525,582818.0,2900.038,11,3917.0,3917.0
20,513.332,235.218,0,1,4357,3980,681199.0,3154.791,8,4232.0,4232.0
20,536.337,248.597,0,0,4089,3697,685556.5,3104.643,10,3960.0,3960.0
20,590.168,277.827,0,0,4368,3691,793828.0,3481.836,8,4229.0,4229.0
20,567.253,259.744,0,1,5018,4214,733308.5,3380.494,8,4431.0,4431.0
20,468.116,215.883,0,0,3337,2795,447020.0,2567.728,11,3229.0,3229.0
20,604.642,266.439,0,0,4353,3593,767639.5,3278.355,11,4131.0,4131.0
20,521.016,257.714,0,1,4744,3902,745193.0,3401.708,7,4201.0,4201.0
20,588.489,263.546,0,0,3906,3387,718949.0,3240.714,9,3881.0,3881.0
20,504.721,233.443,0,0,3998,3512,562645.0,2950.397,10,3837.0,3837.0
20,567.437,256.631,0,0,4593,3819,698631.0,3278.224,8,4185.0,4185.0
20,564.347,276.571,0,1,4320,3713,690740.5,3282.132,9,4205.0,4205.0
20,547.263,255.959,0,0,4183,3645,698550.5,3182.402,10,3954.0,3954.0
20,492.432,243.05,0,1,3968,3414,645849.0,3094.714,8,3955.0,3955.0
20,509.468,261.131,0,1,3361,2915,567283.5,3023.005,9,3336.0,3336.0
20,554.268,259.261,0,1,4217,3360,712526.5,3333.509,7,3855.0,3855.0
20,529.847,235.927,0,0,4576,4020,680600.0,3111.861,8,4102.0,4102.0
20,524.216,235.304,0,0,3683,3046,547359.0,2893.756,11,3576.0,3576.0
20,536.874,238.931,0,0,4062,3685,591610.0,2926.297,10,3901.0,3901.0
20,516.979,247.664,0,0,4187,3561,618528.0,3056.445,8,3891.0,3891.0
20,477.0,225.376,0,1,3973,3530,613067.0,3024.125,7,3830.0,3830.0
20,462.363,224.915,0,2,4127,3347,608695.0,3113.366,7,4037.0,4037.0
20,515.311,250.909,0,1,4667,3857,654703.0,3225.944,7,4056.0,4056.0
20,512.984,249.698,0,0,3906,3442,682816.0,3120.827,8,3891.0,3891.0
20,442.411,221.415,0,0,3703,3024,416643.0,2598.438,9,3480.0,3480.0
20,458.479,208.506,0,1,3999,3438,557034.0,2872.994,9,3885.0,3885.0
20,535.405,239.661,0,0,4101,3480,643370.0,3108.18,8,3910.0,3910.0
20,546.184,253.101,0,0,4112,3557,665551.5,3205.183,9,3866.0,3866.0
20,513.426,236.76,0,0,4552,3588,669214.5,3130.993,8,4060.0,4060.0
20,516.9,247.834,0,0,4373,3793,641965.5,3069.464,8,3930.0,3930.0
20,524.979,245.78,0,1,3405,2735,550363.5,2964.668,10,3405.0,3405.0
20,545.463,250.159,0,0,3945,3459,644450.5,3136.845,7,3832.0,3832.0
20,547.047,252.572,0,0,4085,3469,635206.0,3159.478,8,3954.0,3954.0
20,481.868,220.131,0,1,3811,3313,566342.5,2944.357,9,3731.0,3731.0
20,520.668,250.947,0,0,4627,3740,657508.0,3147.866,9,4048.0,4048.0
20,606.889,278.163,0,0,3738,3274,713146.5,3263.769,10,3717.0,3717.0
20,506.668,225.123,0,0,4276,3719,660314.5,3080.881,7,4144.0,4144.0
20,549.142,248.277,0,0,4404,3785,738435.5,3232.4,9,4268.0,4268.0
20,543.621,248.747,0,1,4124,3581,598091.5,3082.958,8,3505.0,3505.0
20,513.726,225.091,0,0,3837,3342,558336.0,2782.803,10,3460.0,3460.0
20,492.426,237.081,0,0,3505,3209,521209.5,2792.261,10,3439.0,3439.0
20,571.174,264.904,0,0,4152,3755,711664.0,3189.967,10,4120.0,4120.0
20,582.037,258.629,0,0,4933,4449,759501.0,3428.728,7,4046.0,4046.0
20,591.974,262.396,0,0,3507,3203,691699.5,3136.386,10,3483.0,3483.0
20,563.037,259.901,0,0,4557,3991,700837.5,3282.229,8,4173.0,4173.0
20,375.437,194.57,0,1,3384,2686,376942.0,2412.38,7,2988.0,2988.0
20,476.511,227.618,0,2,4109,3543,632132.0,3043.221,8,4059.0,4059.0
20,490.653,220.659,0,0,3744,3328,555518.5,2909.885,7,3744.0,3744.0
20,520.989,248.567,0,0,3888,3418,612645.5,3010.965,9,3785.0,3785.0
20,494.937,252.611,0,0,3864,3264,593327.5,2899.373,9,3667.0,3667.0
20,459.337,208.332,0,1,3976,3389,554786.5,2786.208,9,3708.0,3708.0
20,542.6,246.57,0,0,3514,2803,602870.5,3024.367,10,3474.0,3474.0
20,466.132,218.783,0,0,3692,3227,537175.5,2872.829,8,3513.0,3513.0
20,585.421,270.681,0,0,4280,3811,731831.0,3293.558,10,3926.0,3926.0
20,570.389,277.609,0,0,3582,3039,600326.0,3085.666,10,3480.0,3480.0
20,593.153,283.425,0,0,4508,3706,801751.0,3397.361,8,4377.0,4377.0
20,548.789,238.399,0,0,4486,3675,703942.0,3210.019,8,3977.0,3977.0
20,498.042,234.031,0,1,3958,3188,577736.0,2969.759,8,3575.0,3575.0
20,505.411,233.802,0,1,4102,3364,612259.0,3126.201,7,3955.0,3955.0
20,466.895,230.03,0,1,3979,3432,483975.5,2710.227,9,3403.0,3403.0
20,546.8,246.402,0,1,4717,4001,721647.5,3373.534,8,4389.0,4389.0
20,534.795,246.684,0,1,4430,3689,700089.0,3138.888,10,4034.0,4034.0
20,510.947,233.82,0,0,3569,3272,560211.5,2861.901,10,3564.0,3564.0
20,506.395,253.818,0,2,4991,4063,671828.0,3296.859,6,4098.0,4098.0
20,538.416,261.473,0,0,3680,3085,659137.5,3055.282,10,3612.0,3612.0
20,576.574,262.249,0,0,4080,3460,696707.0,3234.909,9,3763.0,3763.0
20,501.884,232.298,0,2,4692,3880,724736.5,3353.547,6,4406.0,4406.0
20,487.479,240.177,0,1,3946,3371,532414.0,2839.109,10,3719.0,3719.0
20,478.711,232.036,0,1,4280,3499,587865.0,2938.169,8,3939.0,3939.0
20,506.768,262.467,0,0,3900,3422,615593.5,3164.026,8,3836.0,3836.0
20,480.121,237.041,0,2,4042,3369,651884.5,3078.675,8,3993.0,3993.0
20,535.789,231.528,0,0,3521,3010,570501.0,2843.602,10,3414.0,3414.0
20,515.016,237.906,0,0,3809,3200,602964.5,3059.815,9,3762.0,3762.0
20,554.037,256.325,0,0,4078,3678,689166.0,3264.491,8,4049.0,4049.0
20,474.895,213.425,0,0,3669,3181,539050.5,2787.627,8,3497.0,3497.0
20,466.574,214.615,0,1,3619,3167,520769.0,2772.384,10,3490.0,3490.0
20,507.263,252.296,0,0,3348,2895,521464.0,2837.319,10,3254.0,3254.0
20,583.1,292.374,0,0,3580,3038,769875.0,3327.328,9,3580.0,3580.0
20,543.784,252.502,0,2,4098,3326,676517.5,3221.2,9,3997.0,3997.0
20,575.332,275.894,0,0,3853,3261,701691.5,3300.824,10,3660.0,3660.0
20,504.284,228.931,2,0,3727,3161,609807.0,3027.408,8,3727.0,3727.0
20,521.653,242.609,0,1,4882,3982,680999.0,3172.785,8,4213.0,4213.0
20,531.532,241.833,0,0,3417,2954,611053.0,2893.248,12,3417.0,3417.0
20,539.568,233.827,0,0,3942,3648,635884.5,2948.223,12,3850.0,3850.0
20,507.468,230.327,0,0,3776,3225,553640.0,2886.429,10,3665.0,3665.0
20,507.426,220.172,0,0,4239,3509,619469.0,2995.607,9,3985.0,3985.0
20,537.847,266.028,0,1,4203,3582,666452.5,3221.322,8,3823.0,3823.0
20,521.979,259.047,0,0,4131,3463,592934.0,3059.346,7,3827.0,3827.0
20,537.916,263.314,0,0,3940,3395,609688.0,2968.471,11,3896.0,3896.0
20,606.663,269.413,0,0,4659,3788,776922.0,3407.96,10,4308.0,4308.0
20,449.205,227.798,0,0,4321,3412,442608.5,2663.967,8,3550.0,3550.0
20,523.695,237.563,0,0,4609,3934,643574.5,3064.705,9,4041.0,4041.0
20,477.253,228.979,0,0,3735,3390,627545.0,3011.881,8,3664.0,3664.0
20,474.274,217.213,0,1,3946,3489,577721.5,2934.372,9,3813.0,3813.0
20,511.105,229.494,0,0,3701,3343,587749.5,2869.59,10,3642.0,3642.0
20,452.837,225.398,0,1,3203,2737,430921.5,2751.466,6,3201.0,3201.0
20,472.016,216.688,0,0,3242,2843,490022.0,2693.461,8,3242.0,3242.0
20,570.732,244.88,0,0,4480,3809,706654.5,3197.221,8,4112.0,4112.0
20,456.437,225.369,0,2,4632,4079,607705.5,3053.722,8,4070.0,4070.0
20,549.358,276.907,0,1,4770,3736,774310.5,3454.071,9,4262.0,4262.0
20,552.858,285.503,0,2,3671,3001,701454.0,3314.791,8,3671.0,3671.0
20,566.489,261.16,0,0,3720,3134,663899.5,3064.494,10,3716.0,3716.0
20,545.505,270.595,0,1,4216,3371,687411.5,3310.244,9,4027.0,4027.0
20,469.105,223.533,0,2,3720,3120,594813.5,3006.545,7,3679.0,3679.0
20,484.237,223.166,0,0,3829,3318,508175.5,2726.561,9,3493.0,3493.0
20,501.247,246.007,0,2,4121,3452,591318.5,3050.847,9,3686.0,3686.0
20,587.816,267.29,0,0,4315,3421,718120.0,3269.479,8,3831.0,3831.0
20,555.963,258.588,0,0,4193,3466,690621.0,3219.398,7,3997.0,3997.0
20,580.347,259.264,0,0,3666,3116,655004.0,3094.865,10,3584.0,3584.0
20,485.579,245.555,0,2,4355,3697,703206.5,3173.746,9,3962.0,3962.0
20,516.879,230.506,0,1,4408,4000,696366.5,3091.318,11,4251.0,4251.0
20,532.121,236.725,0,0,4036,3621,645338.0,3022.378,8,3822.0,3822.0
20,464.226,229.013,0,0,3604,3148,465310.5,2648.365,8,3511.0,3511.0
20,499.611,229.218,0,1,4279,3544,625303.5,3125.22,7,3884.0,3884.0
20,528.121,252.538,0,0,4063,3487,562041.5,2964.193,8,3663.0,3663.0
20,493.921,220.548,0,0,4316,3655,601250.5,2916.968,11,3866.0,3866.0
20,559.832,280.821,0,0,3491,3109,595849.0,3010.524,9,3473.0,3473.0
20,507.989,241.77,0,1,3638,3009,622681.5,3098.252,8,3616.0,3616.0
20,502.163,254.743,0,1,4523,3732,624126.0,3074.72,8,3998.0,3998.0
20,476.747,229.453,0,1,3869,3400,528765.5,2902.135,7,3607.0,3607.0
20,589.221,273.942,0,0,4905,4061,808367.0,3535.001,7,4538.0,4538.0
20,467.689,231.485,0,0,3423,3147,521158.5,2825.003,9,3423.0,3423.0
20,466.032,206.804,0,0,3437,3029,451860.0,2643.077,9,3360.0,3360.0
20,464.874,214.081,0,0,3430,2969,451569.0,2582.128,11,3181.0,3181.0
20,467.958,209.905,0,0,3516,3142,514299.0,2709.967,11,3506.0,3506.0
20,414.753,237.404,0,2,4135,3373,574331.0,3044.869,7,3878.0,3878.0
20,559.105,260.584,0,0,4044,3551,666226.5,3114.957,10,4043.0,4043.0
20,502.163,250.54,0,2,3647,3264,594242.5,2938.976,9,3574.0,3574.0
20,515.353,246.232,0,0,3433,2981,573900.0,2911.885,9,3433.0,3433.0
20,463.284,223.925,0,0,3879,2913,443714.0,2697.644,9,3290.0,3290.0
20,504.784,240.81,0,0,4036,3439,581601.5,2909.856,9,3861.0,3861.0
20,518.216,234.234,0,0,3999,3556,598285.5,3011.721,9,3906.0,3906.0
20,472.821,228.842,0,1,3993,3232,557537.5,3005.522,7,3620.0,3620.0
20,479.584,228.427,0,2,4455,3613,638487.0,3024.647,8,4033.0,4033.0
20,586.489,280.373,0,0,4510,3851,745491.5,3364.365,8,4754.0,4754.0
20,485.853,232.806,0,1,4312,3731,667920.0,3183.999,8,4083.0,4083.0
20,576.721,258.255,0,0,4173,3706,696360.5,3183.67,9,4029.0,4029.0
20,550.463,269.747,0,0,4222,3382,637762.5,3224.188,6,3955.0,3955.0
20,528.379,240.045,0,0,4678,3979,728865.0,3238.29,9,4268.0,4268.0
20,572.079,263.099,0,0,4052,3386,641447.5,3142.079,9,3746.0,3746.0
20,510.989,240.397,0,0,3950,3508,584773.0,2967.811,10,3739.0,3739.0
20,563.105,259.933,0,0,4321,3770,712127.0,3149.449,9,4117.0,4117.0
20,591.932,256.801,0,0,4382,3968,754628.0,3301.193,10,4382.0,4382.0
20,509.242,228.625,0,0,3288,2814,522635.5,2749.388,9,3210.0,3210.0
20,505.321,250.789,0,0,4240,3812,672608.0,3178.817,7,4188.0,4188.0
20,524.295,248.687,0,0,3359,2879,552424.5,2794.906,9,3359.0,3359.0
20,492.163,230.341,3,0,4237,3513,669029.5,3131.387,8,4027.0,4027.0
20,512.621,250.529,0,0,4228,3540,680391.0,3130.693,7,3905.0,3905.0
20,521.542,243.9,0,0,4405,3669,684086.5,3141.561,8,4129.0,4129.0
20,528.837,250.278,0,0,3656,3324,588446.5,2973.611,8,3656.0,3656.0
20,592.363,272.743,0,0,4646,3932,768200.5,3398.772,9,4387.0,4387.0
20,593.805,280.433,0,0,3705,3185,682376.5,3203.284,9,3780.0,3780.0
20,501.689,251.741,0,1,3825,3252,539304.0,2979.599,7,3607.0,3607.0
20,516.463,238.008,0,1,4457,3417,604918.5,3068.419,8,3737.0,3737.0
20,556.295,252.501,0,0,3791,3189,649857.5,3082.059,10,3544.0,3544.0
20,550.921,259.145,0,0,4049,3252,663548.5,3152.954,9,3787.0,3787.0
20,472.616,219.882,0,0,3559,3076,534031.0,2850.099,7,3504.0,3504.0
20,446.911,205.097,0,1,3378,3068,474973.0,2643.935,9,3217.0,3217.0
20,545.695,250.64,0,0,3961,3274,585580.0,3178.42,8,3861.0,3861.0
20,524.005,243.495,0,0,4128,3550,612488.5,3008.595,9,3730.0,3730.0
20,566.126,252.273,0,0,4060,3505,705749.5,3212.496,10,4021.0,4021.0
20,528.126,252.132,0,0,4423,3637,676689.5,3307.003,7,4272.0,4272.0
20,524.347,249.382,0,0,3862,3401,621439.0,3066.503,9,3862.0,3862.0
20,499.395,226.578,0,1,3451,2953,573016.0,2901.267,9,3424.0,3424.0
20,517.358,245.69,0,0,4451,3926,685445.5,3157.76,7,4269.0,4269.0
20,488.179,226.785,0,1,4136,3450,652959.0,3120.042,8,4019.0,4019.0
20,545.416,253.109,0,1,4107,3719,645278.0,3101.717,10,3994.0,3994.0
20,557.574,280.393,0,0,3164,2883,528346.5,2851.021,12,3477.0,3477.0
20,493.474,237.35,0,1,3917,3236,551091.0,2877.048,10,3709.0,3709.0
20,508.784,232.112,0,0,4750,3791,674023.0,3228.701,6,4138.0,4138.0
20,470.295,229.776,0,0,3575,2875,497220.0,2838.383,9,3430.0,3430.0
20,546.358,256.423,0,0,4577,3876,727838.0,3378.583,6,4266.0,4266.0
20,513.221,241.199,0,0,4651,3682,649547.5,3123.915,8,3791.0,3791.0
20,546.816,261.409,0,0,4267,3726,702361.0,3181.87,10,4174.0,4174.0
20,553.279,244.644,0,0,4501,4000,670042.5,3227.855,9,4237.0,4237.0
20,490.058,225.802,0,1,4050,3703,571160.5,2927.56,10,3770.0,3770.0
20,526.111,250.191,0,1,4535,3775,717721.0,3285.605,8,4432.0,4432.0
20,564.232,273.646,0,0,3801,3146,527721.5,2982.645,11,3566.0,3566.0
20,540.574,259.94,0,1,4474,3974,773054.0,3474.473,7,4320.0,4320.0
20,537.232,258.842,0,1,3746,3094,641523.0,3077.045,9,3653.0,3653.0
20,491.095,220.145,0,0,4113,3606,626266.5,3064.095,7,4027.0,4027.0
20,464.942,234.737,0,1,3686,3179,516269.0,2848.258,7,3674.0,3674.0
20,479.0,230.22,0,0,3758,3318,552245.5,2884.908,8,3648.0,3648.0
20,514.705,262.727,0,3,4602,4051,761845.5,3414.96,7,4225.0,4225.0
20,488.858,241.272,0,0,3482,2589,492040.5,2789.912,10,3271.0,3271.0
20,607.626,291.433,0,0,4256,3791,802212.0,3419.569,10,4142.0,4142.0
20,511.863,242.99,0,0,4891,4064,652765.0,3197.574,6,3950.0,3950.0
20,443.726,221.665,0,1,3708,2897,492257.0,2741.891,8,3303.0,3303.0
20,520.821,243.366,2,1,4446,3695,710275.0,3197.337,10,4115.0,4115.0
20,405.974,195.903,0,1,3139,2406,386217.0,2389.172,9,2983.0,2983.0
20,573.663,246.535,0,0,4573,4007,722929.0,3285.298,9,4471.0,4471.0
20,570.821,294.327,0,0,4613,3669,755043.0,3431.347,8,4149.0,4149.0
20,548.5,248.026,0,0,4391,3531,714825.5,3234.557,7,4136.0,4136.0
20,502.358,221.588,0,0,3799,3370,562727.5,2836.299,10,3663.0,3663.0
20,423.516,207.769,0,2,3904,3127,530543.5,2893.067,8,3831.0,3831.0
20,529.137,267.616,0,1,4108,3450,618967.0,3103.031,9,3858.0,3858.0
20,530.232,246.125,0,0,3789,3036,594068.5,2984.719,10,3723.0,3723.0
20,454.911,225.491,0,2,3799,3227,524334.0,2880.348,8,3626.0,3626.0
20,440.489,229.108,0,2,4068,3473,587330.5,2915.513,8,3829.0,3829.0
20,467.547,213.081,0,0,3843,3273,515703.5,2793.442,10,3609.0,3609.0
20,470.421,221.84,0,1,4171,3722,641962.5,3063.598,9,4088.0,4088.0
20,504.426,222.478,0,0,3900,3460,591083.5,2987.581,7,3605.0,3605.0
20,536.111,274.374,0,1,4752,3867,672158.0,3292.068,7,4093.0,4093.0
20,513.289,226.204,0,0,4076,3556,622566.5,2994.43,10,3967.0,3967.0
20,504.547,231.31,0,0,4219,3397,609326.0,3032.296,8,4117.0,4117.0
20,494.026,230.167,0,1,4427,3491,637426.5,3086.047,8,3885.0,3885.0
20,542.421,240.74,0,0,4106,3506,681493.5,3170.859,7,3742.0,3742.0
20,511.389,247.931,0,0,3914,3261,546947.0,2904.139,8,3394.0,3394.0
20,500.911,229.049,0,0,3643,3203,536873.0,2763.393,9,3422.0,3422.0
20,600.095,284.331,0,0,3878,3508,745412.0,3342.877,8,3839.0,3839.0
20,535.484,252.742,0,0,4527,4023,695338.5,3258.884,9,4005.0,4005.0
20,482.479,217.582,0,1,3900,3382,538499.5,2784.628,11,3570.0,3570.0
20,507.484,234.177,0,0,3483,3152,586481.5,2871.425,10,3478.0,3478.0
20,484.211,221.766,0,0,3540,3107,528691.5,2836.898,7,3359.0,3359.0
20,596.347,287.175,0,0,4228,3275,659872.0,3172.605,10,3879.0,3879.0
20,502.674,243.603,0,1,4228,3651,665896.0,3103.646,9,3952.0,3952.0
20,586.242,263.067,0,0,4570,3672,765432.0,3342.428,8,4154.0,4154.0
20,511.621,236.913,0,0,4168,3707,617919.5,3046.742,8,3903.0,3903.0
20,504.305,243.066,0,1,4366,3439,664923.5,3232.335,7,4067.0,4067.0
20,415.958,204.323,0,2,4042,3403,532528.0,2828.027,8,3733.0,3733.0
20,488.584,230.313,0,1,3922,3517,526844.0,2836.323,9,3473.0,3473.0
20,505.489,227.563,0,0,3919,3416,618456.5,3035.282,8,3738.0,3738.0
20,518.437,240.104,0,0,4859,4087,700038.5,3147.877,9,4187.0,4187.0
20,578.526,262.336,0,0,4480,3549,765888.5,3447.759,7,4148.0,4148.0
20,486.684,236.3,0,3,4859,4024,674445.5,3274.423,7,4335.0,4335.0
20,445.116,239.617,0,1,4533,3848,648781.5,3188.129,7,4105.0,4105.0
20,508.432,232.643,0,0,3757,3304,551982.0,2849.03,10,3598.0,3598.0
20,528.905,234.288,0,0,3454,3035,534165.5,2784.114,10,3420.0,3420.0
20,487.611,241.448,0,0,3387,2951,494696.5,2815.676,8,3381.0,3381.0
20,511.105,232.365,0,1,3884,3343,616729.5,3070.213,8,3709.0,3709.0
20,524.453,254.715,0,0,4178,3574,665624.0,3088.127,8,3921.0,3921.0
20,485.684,229.807,0,1,3734,3087,569267.0,2926.488,8,3793.0,3793.0
20,549.047,243.241,0,0,4553,3776,653025.5,3117.728,9,3925.0,3925.0
20,464.958,225.217,0,1,4245,3976,618570.5,2949.175,8,4096.0,4096.0
20,479.284,236.379,0,0,3562,3027,520065.0,2844.428,9,3436.0,3436.0
20,550.105,248.237,0,0,4840,4186,675766.0,3185.873,8,4045.0,4045.0
20,520.942,241.133,0,1,3877,3448,631756.0,3186.356,7,3837.0,3837.0
20,551.337,251.254,0,0,4449,3581,683196.5,3207.497,8,3973.0,3973.0
20,513.353,238.498,0,1,3950,3432,620181.5,3044.972,10,3847.0,3847.0
20,432.816,224.796,0,2,4230,3463,584972.5,3026.135,6,3891.0,3891.0
20,537.021,254.29,0,0,4160,3439,680252.0,3150.781,8,3887.0,3887.0
20,526.053,252.981,0,1,4413,3472,657025.0,3139.622,9,3919.0,3919.0
20,504.847,235.608,0,0,3600,3227,489412.0,2726.701,10,3483.0,3483.0
20,510.379,242.007,0,1,4386,3708,669587.0,3133.437,10,4092.0,4092.0
20,524.037,253.499,0,0,4177,3427,649866.5,3183.476,8,4097.0,4097.0
20,523.758,229.05,0,0,3557,3093,563919.5,2901.817,8,3501.0,3501.0
20,530.953,267.182,0,0,3276,2764,513417.0,2891.875,11,3276.0,3276.0
20,540.079,247.847,0,1,3857,3374,671799.5,3131.088,10,3824.0,3824.0
20,526.042,258.574,0,1,4129,3573,693874.0,3161.913,10,4239.0,4239.0
20,514.679,235.594,0,2,4157,3418,676468.5,3128.221,9,3967.0,3967.0
20,452.3,226.05,0,2,4259,3349,553966.5,2869.57,8,3676.0,3676.0
20,532.905,258.534,0,0,3304,2849,510963.0,2782.92,10,3280.0,3280.0
20,565.653,251.148,0,1,4520,3899,750351.0,3312.179,9,4303.0,4303.0
20,487.042,216.61,0,0,3627,3084,522989.0,2707.652,9,3402.0,3402.0
20,520.9,230.836,0,0,4118,3549,583296.0,2919.102,12,3787.0,3787.0
20,475.189,240.072,0,1,3471,3182,430466.5,2707.698,10,3110.0,3110.0
20,496.668,227.32,0,1,4016,3433,610055.5,2971.627,10,3780.0,3780.0
20,543.479,259.289,0,0,3857,3198,679871.0,3243.139,10,3763.0,3763.0
20,521.158,259.916,0,0,3891,3251,664360.0,3018.852,9,3630.0,3630.0
20,484.758,241.848,0,0,3492,2842,516687.0,2843.796,8,3672.0,3672.0
20,590.995,268.195,0,0,4938,4157,785593.5,3386.728,10,4331.0,4331.0
20,534.058,241.015,0,0,3406,2937,575324.5,2901.941,9,3297.0,3297.0
20,557.011,266.589,0,0,4533,3966,623833.0,3129.312,8,3963.0,3963.0
20,457.921,230.05,0,2,3713,3007,538426.0,2842.266,8,3587.0,3587.0
20,547.642,250.051,0,0,3783,3134,657531.0,3114.231,10,3724.0,3724.0
20,492.921,237.043,0,1,3895,3147,581187.0,3095.135,7,3711.0,3711.0
20,529.742,261.634,0,1,4505,3715,645755.5,3232.386,9,4018.0,4018.0
20,470.037,208.63,0,0,3424,3011,481494.0,2647.212,9,3270.0,3270.0
20,570.242,249.924,0,0,3721,3242,618416.0,2957.256,12,3721.0,3721.0
20,573.768,250.777,0,0,4136,3619,703098.0,3143.801,8,3964.0,3964.0
20,502.511,250.855,0,0,3917,3178,509178.0,2794.952,9,3592.0,3592.0
20,583.768,263.72,0,0,3857,3436,675092.5,3201.733,8,3843.0,3843.0
20,510.716,251.037,0,0,3909,3354,628941.5,3117.039,10,3909.0,3909.0
20,494.732,235.025,0,1,4086,3440,608272.5,2993.878,8,3774.0,3774.0
20,442.221,214.062,0,2,3860,3155,481307.5,2715.405,9,3598.0,3598.0
20,542.042,255.106,0,0,4027,3632,628641.5,3090.237,10,3751.0,3751.0
20,550.216,242.036,0,0,3928,3518,668967.5,3073.668,9,3809.0,3809.0
20,463.116,251.738,0,2,4822,4052,731221.5,3300.994,7,4471.0,4471.0
20,553.332,256.167,0,0,4392,3544,757736.0,3364.661,7,3840.0,3840.0
20,420.353,204.631,0,1,3367,2936,403561.5,2438.875,9,3143.0,3143.0
20,503.547,239.936,0,1,4030,3512,661793.5,3157.82,8,4218.0,4218.0
20,571.253,276.396,0,1,4102,3685,728561.5,3374.329,9,4036.0,4036.0
20,515.011,253.563,0,0,4220,3733,662445.5,3141.186,8,4078.0,4078.0
20,572.689,254.03,0,0,4363,3849,740789.5,3275.233,10,4231.0,4231.0
20,498.5,238.828,0,1,4502,3727,629836.0,3103.627,9,4077.0,4077.0
20,544.947,252.676,0,1,4010,3351,686154.0,3195.708,7,3902.0,3902.0
20,494.042,235.279,0,1,3849,3041,607198.0,3142.405,7,3849.0,3849.0
20,565.221,248.461,0,0,3810,3349,747464.0,3349.792,7,3810.0,3810.0
20,547.379,239.73,0,0,3872,3439,657505.0,3032.99,11,3872.0,3872.0
20,572.911,261.335,0,0,4015,3656,695446.5,3142.985,11,4009.0,4009.0
20,461.458,210.781,0,0,3696,3285,497407.5,2677.179,10,3563.0,3563.0
20,501.289,223.508,0,0,4247,3847,567135.0,2963.823,10,3911.0,3911.0
20,547.837,265.532,0,0,4293,3418,605331.5,3074.349,9,3818.0,3818.0
20,557.174,268.842,0,0,4200,3661,648490.5,3174.55,10,3927.0,3927.0
20,552.253,270.232,0,0,4079,3391,710528.5,3254.362,7,4032.0,4032.0
20,570.847,260.314,0,0,4118,3675,762503.5,3204.176,10,4118.0,4118.0
20,518.142,250.868,0,0,4207,3624,657919.0,3185.556,10,3920.0,3920.0
20,563.089,244.637,0,0,3861,3466,647737.5,3021.671,12,3728.0,3728.0
20,511.658,240.363,0,2,3951,3383,628924.0,3115.34,9,3869.0,3869.0
20,548.121,245.654,0,1,4916,4154,772139.5,3380.062,8,4434.0,4434.0
20,476.953,229.6,0,1,4121,3574,560260.0,2938.935,10,4047.0,4047.0
20,536.521,256.251,0,1,4345,3461,669729.5,3221.871,8,3875.0,3875.0
20,492.784,226.07,0,2,4541,3882,630790.5,3196.575,6,4033.0,4033.0
20,523.358,236.604,0,1,4209,3571,655938.5,3141.765,9,4053.0,4053.0
20,548.263,254.045,0,0,4143,3590,726124.0,3230.304,10,4101.0,4101.0
20,513.968,229.991,0,0,3967,3407,630915.0,3052.827,9,3948.0,3948.0
20,560.2,250.162,0,0,4633,4040,722950.5,3242.889,9,4089.0,4089.0
20,494.726,232.003,0,1,4325,3866,632648.5,3087.713,9,4042.0,4042.0
20,534.116,244.048,0,0,4875,3918,798593.0,3467.354,7,4528.0,4528.0
20,537.416,253.289,0,1,5102,4390,774475.0,3503.403,6,4557.0,4557.0
20,502.442,250.923,0,0,3942,3253,548053.0,2898.145,9,3606.0,3606.0
20,490.368,236.598,0,2,4215,3823,655428.5,3128.291,7,4123.0,4123.0
20,547.332,249.36,0,0,3873,3353,675616.5,3072.639,12,3859.0,3859.0
20,518.521,243.125,0,0,3913,3375,599394.0,3014.729,9,3815.0,3815.0
20,502.368,229.802,0,0,3845,3288,536780.0,2874.385,8,3563.0,3563.0
20,533.2,259.352,0,0,4785,4055,730058.0,3259.319,9,4189.0,4189.0
20,531.789,248.868,0,0,4155,3438,655714.5,3082.377,9,3937.0,3937.0
20,523.295,239.575,0,0,3678,3205,611920.0,2956.268,11,3678.0,3678.0
20,567.995,258.813,0,0,4131,3622,697584.0,3109.147,10,4033.0,4033.0
20,471.553,239.29,0,0,3984,3346,537461.0,2919.642,8,3612.0,3612.0
20,572.547,248.691,0,0,4303,3859,747984.0,3290.835,10,4201.0,4201.0
20,447.279,217.672,0,1,3757,3092,490903.5,2763.792,7,3555.0,3555.0
20,500.811,240.287,0,1,4065,3622,642601.5,3018.179,12,3951.0,3951.0
20,510.753,230.62,0,0,4117,3474,565846.5,2868.578,9,3828.0,3828.0
20,501.568,235.035,0,1,3754,3481,577453.0,2982.192,9,3688.0,3688.0
20,512.284,273.213,0,0,4682,3922,702099.5,3412.26,6,4177.0,4177.0
20,494.521,225.581,0,2,4468,3767,643983.5,3117.307,8,4041.0,4041.0
20,474.374,221.401,0,0,3128,2727,439604.5,2724.949,8,3100.0,3100.0
20,494.911,236.548,0,0,3620,2742,476944.0,2699.714,10,3385.0,3385.0
20,532.542,262.929,0,0,4147,3484,651445.5,3243.932,9,3968.0,3968.0
20,542.9,256.252,0,0,3896,3483,690937.0,3179.212,9,3896.0,3896.0
20,537.516,245.874,0,0,4392,3892,730881.5,3307.168,9,4292.0,4292.0
20,480.289,215.325,0,0,3434,3052,527285.5,2810.987,8,3405.0,3405.0
20,471.668,213.21,0,0,3695,3354,550334.5,2814.607,8,3586.0,3586.0
20,463.005,226.364,0,2,3745,3340,599165.0,3091.215,6,3745.0,3745.0
20,533.937,241.004,0,1,4327,3670,743188.0,3278.873,9,4207.0,4207.0
20,479.237,219.842,0,0,3610,3175,521221.5,2697.853,9,3471.0,3471.0
20,540.132,238.899,0,0,4121,3496,663222.5,3101.928,9,3976.0,3976.0
20,512.653,237.637,0,1,4341,3702,673552.5,3207.315,8,4023.0,4023.0
20,560.711,278.09,0,0,4058,3331,641130.0,3232.232,8,3857.0,3857.0
20,539.989,244.206,0,0,3614,3030,631721.5,3034.099,9,3543.0,3543.0
20,470.732,220.64,0,1,3759,3193,617549.5,3094.599,6,3759.0,3759.0
20,565.847,258.333,0,0,4430,3738,682358.5,3174.369,11,3974.0,3974.0
20,592.837,267.416,0,0,3831,3458,674900.5,3216.473,8,3729.0,3729.0
20,499.595,240.077,0,1,4132,3417,611891.5,3023.537,10,4015.0,4015.0
